500 500
0 349
F 1 T 3 F 8 T 1 F 16 T 3 F 19 T 1 F 2 T 3 F 48 T 1 F 6 T 3 F 8 T 1 F 22 T 3 F 10 T 3 F 5 T 1 F 80 T 3 F 20 T 1 F 11 T 1 F 38 T 3 F 77 T 1 F 57 T 3 F 53 T 3 F 32 T 1 F 18 T 1 F 1 T 3 F 4 T 1 F 55 T 3 F 6 T 1 F 50 T 1 F 55 T 3 F 54 T 1 F 6 T 3 F 15 T 1 F 45 T 1 F 14 T 3 F 51 T 3 F 8 T 1 F 2 T 1 F 35 T 3 F 1 T 1 F 73 T 3 F 36 T 3 F 4 T 1 F 4 T 1 F 3 T 3 F 19 T 3 F 17 T 1 F 32 T 3 F 6 T 1 F 7 T 1 F 15 T 3 F 65 T 3 F 17 T 1 F 10 T 3 F 31 T 1 F 15 T 1 F 1 T 3 F 22 T 1 F 16 T 3 F 25 T 1 F 30 T 3 F 5 T 3 F 76 T 1 F 33 T 1 F 8 T 3 F 42 T 3 F 15 T 1 F 13 T 1 F 231 T 1 F 29 T 1 F 13 T 3 F 16 T 3 F 19 T 1 F 61 T 1 F 51 T 3 F 32 T 3 F 40 T 1 F 50 T 1 F 68 T 3 F 43 T 3 F 10 T 1 F 1 T 1 F 58 T 3 F 59 T 3 F 5 T 1 F 9 T 3 F 18 T 1 F 34 T 1 F 71 T 3 F 5 T 1 F 33 T 3 F 46 T 3 F 32 T 1 F 3 T 3 F 18 T 1 F 54 T 1 F 124 T 3 F 10 T 1 F 24 T 3 F 9 T 1 F 157 T 3 F 6 T 3 F 434 T 1 F 6 T 3 F 27 T 3 F 19 T 3 F 11 T 1 F 37 T 3 F 1 T 1 F 254 T 3 F 84 T 1 F 21 T 3 F 20 T 1 F 46 T 1 F 22 T 3 F 49 T 1 F 15 T 3 F 33 T 3 F 1 T 3 F 3 T 3 F 20 T 1 F 2 T 3 F 5 T 1 F 132 T 1 F 175 T 3 F 6 T 1 F 32 T 3 F 26 T 3 F 40 T 1 F 59 T 1 F 95 T 3 F 3 T 1 F 37 T 3 F 9 T 1 F 33 T 3 F 44 T 3 F 45 T 1 F 62 T 1 F 4 T 3 F 36 T 1 F 7 T 3 F 5 T 3 F 12 T 1 F 5 T 3 F 19 T 1 F 23 T 1 F 72 T 1 F 54 T 3 F 11 T 1 F 53 T 3 F 51 T 1 F 32 T 3 F 13 T 1 F 17 T 1 F 22 T 3 F 40 T 1 F 29 T 3 F 11 T 1 F 7 T 3 F 7 T 3 F 2 T 1 F 22 T 1 F 43 T 3 F 49 T 3 F 7 T 1 F 46 T 3 F 18 T 1 F 4 T 3 F 28 T 1 F 19 T 3 F 41 T 1 F 36 T 1 F 89 T 3 F 18 T 1 F 1 T 1 F 71 T 3 F 29 T 1 F 3 T 3 F 36 T 1 F 18 T 3 F 13 T 1 F 37 T 1 F 25 T 3 F 11 T 1 F 91 T 3 F 14 T 1 F 33 T 3 F 3 T 1 F 46 T 3 F 212 T 3 F 56 T 1 F 25 T 1 F 36 T 1 F 270 T 3 F 9 T 1 F 16 T 3 F 10 T 1 F 43 T 1 F 209 T 3 F 19 T 1 F 6 T 1 F 23 T 3 F 12 T 1 F 59 T 3 F 18 T 1 F 213 T 1 F 250
120.0 3.0 2
8625
5
7
8
11
8
5
7
10
8
9
10
6
9
10
5
7
6
9
6
10
5
8
6
7
8
10
5
5
10
10
5
8
5
6
5
9
10
6
6
11
6
6
8
5
10
6
11
5
7
8
36
35
36
38
41
36
35
37
37
39
35
36
40
38
39
35
37
37
39
40
35
37
41
35
36
39
41
36
39
40
37
37
37
39
37
39
35
41
37
35
41
39
40
41
40
36
35
36
35
35
41
36
40
41
39
68
68
66
67
69
66
68
66
68
70
69
65
71
70
71
66
70
71
70
65
70
65
66
66
70
67
65
68
66
67
70
70
71
71
69
70
67
70
70
67
67
71
68
65
67
65
70
65
65
67
68
67
68
65
69
67
71
68
65
68
100
98
100
97
95
99
98
95
95
96
101
99
99
101
97
100
98
100
100
95
97
97
99
99
96
96
96
100
96
98
96
98
98
96
101
101
101
99
96
95
96
100
99
97
95
101
101
96
100
99
100
98
98
99
99
101
95
95
101
99
99
100
96
96
95
125
128
131
129
131
131
125
131
131
127
129
128
129
126
130
131
131
125
130
129
128
129
126
129
131
130
131
131
129
129
129
127
126
131
130
131
127
129
125
130
130
126
130
128
128
126
126
126
126
126
130
127
131
130
127
127
126
125
125
126
128
131
131
127
125
129
130
130
130
127
159
161
156
158
161
155
156
159
160
159
156
159
155
159
158
160
156
161
155
158
159
156
155
158
159
157
157
161
158
159
160
155
160
157
161
160
157
160
155
158
161
155
155
156
156
157
158
160
156
157
158
156
161
156
156
160
158
156
155
161
159
155
158
158
157
155
157
160
161
156
160
155
161
156
159
188
188
188
185
186
185
190
188
185
191
188
191
190
189
191
188
186
191
187
186
188
187
191
186
187
189
187
191
191
188
187
189
190
187
186
186
191
188
190
185
190
187
190
185
187
186
185
185
185
185
185
185
188
187
187
191
186
187
191
186
188
185
186
189
185
185
189
188
191
188
190
187
187
187
191
190
189
189
191
191
218
217
217
221
216
217
219
217
217
217
217
215
219
217
218
221
220
221
217
218
219
218
217
219
215
221
216
219
216
220
216
218
219
221
218
216
216
215
218
221
220
217
215
217
216
216
216
221
218
221
215
221
220
220
219
219
220
220
215
219
216
219
218
221
215
216
217
218
220
221
217
218
221
218
216
218
215
216
217
217
215
219
220
221
215
251
250
251
248
251
247
249
245
251
247
248
250
247
246
250
245
247
251
251
245
250
246
248
246
249
246
245
245
249
245
251
249
251
251
245
249
251
250
250
250
249
245
251
250
249
245
250
246
245
245
246
249
250
250
249
249
248
250
248
248
248
249
248
248
250
245
248
246
249
248
248
249
247
251
249
246
245
251
249
245
248
250
250
251
250
247
250
245
249
245
277
280
276
278
281
277
277
277
281
279
277
280
278
276
279
277
280
275
279
275
277
279
276
281
276
280
278
277
281
275
278
278
280
277
275
281
276
277
278
280
276
281
277
277
279
279
276
281
277
276
280
275
276
275
279
277
280
281
279
275
276
280
280
280
277
278
277
279
281
280
275
281
279
279
280
280
279
276
276
278
275
278
280
280
276
276
277
280
276
281
277
275
279
276
277
306
311
310
311
306
310
309
307
310
308
308
305
309
310
305
311
310
306
311
310
310
307
308
307
311
306
310
308
307
311
307
306
309
305
311
311
311
306
310
305
309
305
308
311
307
305
310
309
305
305
307
305
311
309
305
310
310
306
308
310
305
309
308
310
305
308
310
305
306
306
310
307
310
306
308
305
309
308
311
308
306
306
305
307
305
308
306
305
309
310
306
305
307
306
310
309
309
308
309
308
335
338
336
339
337
338
338
341
336
337
340
335
337
338
340
337
341
336
336
336
336
335
339
336
341
339
338
336
336
340
339
335
340
337
335
341
340
340
341
337
335
341
340
337
336
336
340
336
336
337
337
338
339
335
337
335
341
335
337
339
339
340
335
336
340
339
341
336
338
341
337
338
336
335
335
339
338
341
337
338
338
339
341
340
335
341
336
341
336
339
341
335
338
341
340
338
338
339
340
339
336
341
341
339
338
367
371
369
367
371
366
370
366
365
370
366
369
368
367
365
368
368
365
366
371
370
368
371
365
370
365
367
366
368
366
368
371
368
368
365
371
369
368
367
370
370
366
370
370
371
368
371
369
371
366
366
371
365
370
366
368
367
365
370
370
365
368
366
370
367
370
369
370
368
369
366
368
370
369
365
369
367
366
369
366
366
368
367
367
365
365
371
367
369
368
365
365
365
366
367
371
367
366
367
370
366
365
370
369
368
367
367
371
369
370
399
400
396
396
396
396
399
400
401
395
396
397
399
397
401
398
400
395
397
396
398
395
398
396
398
401
398
396
399
399
397
399
397
397
398
398
399
398
400
397
399
401
400
401
401
396
397
396
399
398
401
401
397
395
397
397
399
395
399
397
397
397
397
400
397
401
400
399
400
401
399
397
401
399
398
400
398
401
399
400
396
397
398
400
400
397
395
395
397
395
397
400
400
395
396
401
397
396
400
399
397
395
401
401
397
399
400
397
401
396
399
395
397
401
398
426
428
430
427
426
427
426
425
430
428
425
427
430
431
425
427
429
425
425
430
425
430
430
427
425
426
428
430
429
431
425
430
430
430
429
430
425
427
427
428
428
429
425
430
426
431
428
426
426
431
427
426
426
427
428
425
429
427
426
430
427
425
426
430
429
430
426
431
429
425
428
428
431
426
428
425
430
427
430
431
431
427
430
426
428
425
430
431
426
428
427
431
427
430
427
427
427
428
429
431
426
426
429
430
426
430
431
425
427
430
429
429
427
430
426
428
429
429
426
429
458
455
456
455
457
461
461
459
461
461
457
458
456
460
457
461
456
455
459
457
456
459
459
461
456
458
457
460
456
461
456
461
461
457
459
457
459
461
458
459
461
456
455
461
461
458
459
457
457
459
461
455
456
456
461
461
455
456
456
461
456
459
459
458
460
459
457
461
460
457
456
461
460
457
456
458
456
457
458
461
459
460
456
455
460
457
457
461
457
455
460
461
457
459
456
459
457
457
455
459
457
459
456
460
461
460
455
458
457
456
458
456
461
457
460
456
456
460
455
461
460
460
461
456
455
490
491
488
491
485
490
485
486
488
485
486
490
488
487
486
486
489
486
486
488
485
488
491
487
490
486
485
486
486
488
488
485
489
490
489
487
485
485
487
486
485
487
488
489
485
487
487
488
491
491
488
485
486
486
488
485
489
488
490
487
486
488
491
489
485
491
491
485
487
488
486
485
487
488
490
490
490
487
491
488
485
490
487
490
486
486
489
489
491
485
488
485
487
489
488
490
490
488
491
491
490
487
488
489
488
489
487
491
491
487
488
489
488
487
487
485
489
490
491
488
490
491
491
489
490
491
490
488
485
487
521
521
520
518
516
518
516
518
517
520
520
516
521
515
516
521
519
516
521
517
517
515
519
516
518
520
519
521
517
519
516
516
515
519
516
519
520
517
520
516
519
519
516
518
520
520
515
516
518
517
518
521
520
520
519
519
515
521
517
517
517
518
521
517
518
521
520
518
521
520
517
521
521
517
521
520
516
516
517
517
520
515
516
520
517
520
516
519
517
516
516
520
518
517
520
521
518
519
516
519
517
516
515
520
515
521
519
515
519
516
517
516
518
520
521
515
517
521
520
519
517
520
517
521
517
519
517
519
518
519
518
516
520
521
521
551
545
545
550
548
548
550
551
547
548
551
547
551
549
550
550
545
549
547
545
551
549
551
545
550
549
545
546
545
546
551
547
550
548
551
548
548
546
545
545
547
545
545
551
549
551
549
549
550
551
549
551
549
545
551
545
548
548
549
548
550
547
545
548
546
549
545
545
546
545
545
548
548
551
545
548
549
549
549
547
546
549
546
548
550
547
549
548
549
548
550
551
550
551
546
551
549
551
550
548
550
550
550
546
545
549
548
547
550
545
547
550
546
548
545
546
548
549
549
548
548
551
551
548
549
551
546
547
551
549
547
549
545
546
548
548
547
547
551
545
576
576
581
575
580
576
577
575
581
579
576
579
576
578
576
579
578
580
576
580
575
578
581
575
578
575
578
575
575
580
578
580
576
575
578
577
576
581
577
576
576
578
579
575
577
575
581
580
577
581
577
578
575
575
581
575
576
576
581
575
577
580
576
578
581
581
579
577
576
576
578
576
581
580
580
580
578
577
578
578
576
575
581
579
581
575
576
575
579
578
578
581
575
581
578
576
578
580
581
579
577
575
577
576
576
575
580
578
578
577
581
580
578
581
575
576
581
575
576
581
581
579
577
579
579
581
580
576
578
581
577
575
581
575
576
580
575
576
581
575
581
581
577
580
578
609
607
610
609
605
607
606
605
610
609
605
608
605
610
607
608
607
607
610
608
608
609
608
611
610
607
608
609
611
611
611
610
608
609
611
608
608
610
609
606
607
608
608
610
608
610
605
607
609
610
609
607
609
607
610
608
607
611
609
608
608
610
606
607
606
606
609
608
606
610
606
606
607
611
609
605
608
611
606
610
610
606
611
606
605
611
608
610
607
611
606
609
607
608
611
611
609
611
608
610
608
611
606
606
611
609
611
610
608
610
608
605
606
608
607
606
611
605
609
608
605
609
610
609
610
606
611
609
608
609
605
607
605
611
605
606
607
607
607
605
606
607
608
608
605
607
608
609
605
611
640
640
637
635
637
637
639
636
641
637
636
641
636
640
635
638
640
635
641
636
636
640
636
641
636
637
635
639
639
639
637
637
638
636
638
638
639
636
638
638
638
636
641
638
639
635
640
637
636
635
635
638
637
638
637
640
637
640
637
641
637
639
638
638
637
638
635
640
638
638
640
636
639
638
637
640
636
639
641
635
635
638
637
641
638
635
637
636
640
639
640
639
640
635
638
640
637
637
636
641
635
641
635
636
638
638
641
639
640
641
636
640
640
638
639
640
638
637
635
641
636
640
635
638
636
636
636
636
637
635
636
635
640
638
635
641
636
636
640
640
639
636
636
637
641
639
639
636
638
635
640
641
639
637
635
668
668
666
671
665
666
668
670
670
668
670
671
670
670
666
671
667
671
669
670
666
666
667
669
665
669
671
668
670
669
669
668
667
665
666
666
669
665
671
668
671
668
669
668
669
668
665
669
668
670
667
671
667
671
671
667
665
671
670
665
669
665
669
669
669
666
668
670
671
671
667
665
670
670
668
669
668
670
666
670
671
669
668
667
665
670
665
669
668
667
667
667
667
671
669
667
666
667
671
666
665
668
671
669
670
670
668
665
671
667
668
667
669
665
668
669
670
667
669
667
671
667
667
671
667
669
669
665
666
670
666
671
669
669
665
668
669
667
670
666
668
665
665
669
670
666
665
667
665
666
668
667
667
670
665
671
670
666
666
671
701
696
697
699
698
701
701
699
698
699
696
695
699
698
698
695
699
699
695
696
698
698
699
698
697
699
698
695
700
699
699
701
699
699
699
701
697
695
701
700
695
700
696
699
700
699
700
699
695
700
700
696
696
697
695
695
700
701
699
696
695
700
701
697
701
697
695
697
697
696
699
697
700
698
699
695
696
698
699
697
695
700
701
700
698
698
699
698
697
697
698
698
700
701
697
700
695
700
700
700
701
698
695
699
695
700
701
698
695
698
695
698
699
700
698
698
697
697
696
698
698
695
699
697
697
698
696
696
695
697
699
701
699
697
699
698
696
696
701
697
701
700
697
698
698
695
696
696
697
698
697
697
701
701
696
700
696
695
696
699
700
700
700
697
700
729
729
729
731
731
728
726
730
726
725
731
725
730
727
728
729
731
726
726
731
725
726
729
731
729
725
725
728
731
728
729
727
730
729
726
731
730
727
727
725
731
728
729
727
730
729
728
726
731
730
731
726
728
725
730
728
726
725
725
728
725
725
731
727
731
725
729
727
727
731
725
725
729
725
729
725
730
726
726
730
725
725
729
726
725
725
727
730
730
726
725
731
728
729
727
729
727
730
727
726
728
725
725
731
728
729
725
730
731
731
729
729
726
731
728
727
730
728
730
726
730
730
729
728
728
729
728
731
731
729
731
725
728
727
728
731
729
730
731
730
731
729
728
725
728
730
727
729
729
730
728
729
731
730
729
725
729
727
725
727
725
727
731
729
729
726
731
729
728
727
759
756
757
756
757
759
758
757
755
758
758
755
761
759
760
759
758
755
758
758
759
757
755
756
758
760
757
757
761
759
761
757
758
761
757
757
756
755
757
761
759
756
757
761
758
756
755
758
756
756
757
760
761
756
755
757
761
755
761
757
760
758
760
761
761
757
757
760
755
760
760
759
760
760
761
758
755
759
755
755
757
759
755
756
755
757
755
756
756
756
760
758
757
761
757
758
760
756
755
756
756
761
760
760
759
756
759
760
755
760
756
759
757
760
756
759
756
759
755
760
757
756
757
760
758
761
760
760
759
758
760
755
761
759
758
756
760
759
758
759
755
760
758
755
761
759
757
758
755
755
759
758
755
759
761
760
759
760
759
755
757
755
758
755
757
759
758
755
761
755
760
757
755
760
761
791
785
788
786
787
790
788
789
788
788
789
789
788
790
785
785
789
791
791
787
791
785
789
787
789
785
791
787
788
790
790
785
786
789
786
785
789
791
790
788
789
788
786
788
789
788
785
785
790
791
791
790
785
785
789
790
791
790
790
787
785
788
785
789
790
786
789
791
787
786
786
791
789
789
791
791
786
787
786
787
786
785
788
791
791
789
791
787
785
785
789
786
789
788
791
785
785
785
786
790
791
791
788
791
791
789
790
791
785
790
789
788
791
786
785
788
786
790
790
787
791
786
786
791
790
787
789
785
790
785
788
791
786
787
787
790
785
790
789
789
785
788
786
786
788
786
788
785
785
791
785
790
787
791
788
785
789
786
788
788
788
789
787
786
787
789
785
788
790
788
788
787
789
785
785
788
789
787
787
785
818
817
815
820
816
819
816
821
816
815
820
817
818
815
816
817
819
816
818
817
817
820
821
820
819
818
820
821
817
817
820
821
820
816
816
819
819
819
821
821
820
819
817
816
819
816
819
821
815
820
819
816
815
816
819
815
819
818
821
815
819
821
819
818
817
821
820
817
818
817
821
821
820
817
818
819
818
819
815
818
817
819
819
820
816
821
815
815
821
815
817
821
815
816
820
817
819
819
820
818
820
820
819
821
819
816
816
815
820
820
821
818
818
818
821
816
820
817
815
816
819
821
815
816
818
819
820
815
818
815
818
818
815
819
816
819
816
815
821
815
821
815
818
819
817
816
821
819
821
816
819
817
815
816
818
821
815
815
819
821
815
815
815
820
817
815
820
821
815
820
816
818
816
816
821
817
818
818
821
819
820
819
818
820
816
846
849
846
845
847
847
847
851
851
845
850
847
851
851
848
847
846
847
845
845
849
850
847
845
849
847
847
848
846
849
851
848
850
851
849
849
851
846
846
846
848
846
851
846
845
849
846
851
848
845
849
849
848
846
850
846
847
848
847
845
850
849
847
851
848
846
846
845
847
845
851
847
847
847
851
851
845
851
848
849
851
845
848
850
848
846
848
851
846
848
845
847
851
851
851
851
851
849
851
845
851
849
845
848
846
851
847
846
845
845
851
845
850
847
845
848
845
847
846
845
845
846
845
845
848
849
848
851
851
850
851
851
847
849
846
845
845
850
849
851
847
849
845
849
849
851
850
849
850
845
845
848
849
849
851
845
846
847
847
850
847
847
851
845
847
848
847
845
850
848
850
846
848
848
845
846
848
850
850
850
851
848
851
845
850
848
849
848
846
847
876
876
879
880
875
877
879
880
875
881
875
875
878
877
879
881
876
876
880
878
875
880
875
879
876
879
877
876
877
880
880
878
878
877
878
880
878
875
877
877
877
876
879
880
880
876
875
875
879
878
877
877
877
881
875
878
881
878
881
876
876
875
875
881
877
875
880
879
879
880
877
881
878
876
878
877
878
879
877
877
881
880
881
875
875
879
881
876
879
878
881
881
881
877
879
878
875
880
878
881
878
880
881
876
878
880
877
876
878
876
878
876
881
880
878
880
879
880
878
877
878
878
875
881
878
880
880
878
880
878
875
880
878
878
879
877
875
875
876
876
876
877
878
875
880
877
881
879
876
879
881
878
877
878
881
878
879
876
881
875
880
878
878
875
879
876
880
879
877
879
875
875
875
876
875
881
875
876
875
879
877
877
876
877
878
876
880
876
881
880
881
876
875
877
875
911
911
906
906
909
909
908
906
908
911
907
905
908
908
905
909
911
907
907
909
911
907
906
906
906
905
905
909
911
906
907
909
905
910
905
906
908
907
911
908
905
911
906
905
905
909
910
911
909
909
910
906
909
906
905
910
910
909
909
907
906
908
910
905
907
906
911
911
910
905
906
908
906
907
909
910
906
908
909
910
905
906
905
906
905
905
911
909
908
905
907
906
905
906
906
911
906
907
909
908
907
908
906
911
909
907
911
908
911
905
911
911
905
910
906
906
911
909
905
911
909
911
911
911
906
909
911
907
907
911
911
905
907
909
910
910
910
908
909
908
906
908
910
911
911
905
907
908
909
906
907
907
909
905
905
907
910
906
911
911
910
910
910
908
905
911
905
909
907
907
907
911
910
911
908
910
908
910
908
905
907
908
908
911
907
910
908
910
911
909
906
909
910
911
910
911
906
908
910
908
936
938
935
939
941
940
939
938
937
938
936
937
940
938
939
935
935
940
941
940
936
938
937
937
939
936
939
937
941
939
939
940
938
940
935
935
940
935
936
935
938
939
940
936
938
940
937
940
938
937
939
935
936
939
940
935
935
939
936
935
941
935
938
935
939
935
935
941
939
940
939
936
941
941
935
938
937
937
941
936
936
935
940
938
936
940
941
937
938
940
939
935
939
938
935
938
935
939
935
936
935
935
940
935
935
941
940
941
935
939
940
940
936
935
939
937
941
940
941
936
936
935
939
939
940
938
935
941
939
938
938
936
937
938
936
938
938
940
937
940
936
939
939
937
941
940
936
941
941
941
935
937
941
938
938
938
941
936
941
938
937
940
935
937
938
938
936
938
938
936
935
935
940
940
937
937
935
940
936
940
935
938
935
936
939
935
939
937
937
936
935
937
939
938
940
939
940
939
936
940
937
937
935
939
939
966
970
965
966
970
969
967
969
965
965
966
965
968
970
970
967
968
968
965
966
967
969
967
970
965
969
967
965
969
969
969
968
966
968
969
969
969
970
970
971
967
966
966
968
965
968
967
969
966
970
966
971
967
967
970
969
968
965
968
966
969
965
971
970
966
971
966
965
970
969
968
965
969
967
966
967
968
968
967
966
966
966
971
970
971
967
968
969
965
970
971
967
967
968
967
966
967
967
971
965
966
966
965
970
969
965
968
971
971
965
971
966
967
970
971
968
968
971
966
970
967
970
965
968
971
966
966
969
966
971
966
966
966
969
967
971
969
970
965
966
971
971
968
966
968
968
967
968
971
970
969
967
967
971
970
965
966
970
968
968
969
969
966
969
971
968
966
965
969
966
969
965
971
967
969
966
971
969
970
965
971
970
969
970
971
971
965
966
966
966
967
969
966
970
969
967
965
966
966
968
966
971
969
966
967
968
966
968
968
968
997
995
998
998
996
1001
995
1000
997
996
997
997
995
997
996
998
996
1001
1001
997
995
1000
998
1000
995
1000
997
998
1000
995
998
997
1000
999
995
995
999
1000
998
997
1001
1001
998
996
997
998
997
1000
997
999
997
1001
998
1001
1001
1001
996
1000
998
998
998
997
1000
998
996
998
998
998
995
1000
997
1000
995
997
1000
998
999
997
996
999
997
998
1000
997
1001
995
996
996
995
1000
997
1001
999
999
995
1000
1000
997
1001
998
999
1001
995
999
999
1001
996
1001
996
997
996
997
999
998
1001
998
997
996
999
1000
1001
1000
995
998
1001
999
1000
998
999
995
997
1000
996
997
1001
998
1000
1001
996
996
999
995
995
1001
999
998
999
996
1001
996
996
996
1001
997
996
998
999
1001
1001
998
996
996
995
999
996
997
996
1000
996
998
999
996
1000
997
998
997
995
997
1000
1000
1000
999
997
998
999
1000
997
998
995
1001
995
997
996
999
997
995
1001
1000
1001
1001
997
997
1000
997
998
997
999
998
999
996
997
1001
1000
996
998
1025
1027
1031
1030
1028
1027
1025
1031
1025
1026
1028
1029
1030
1030
1031
1028
1028
1027
1029
1025
1028
1027
1026
1031
1025
1029
1028
1026
1025
1028
1027
1026
1029
1030
1027
1028
1029
1027
1026
1027
1025
1027
1025
1031
1030
1027
1027
1028
1031
1027
1031
1031
1029
1029
1027
1031
1025
1028
1030
1029
1031
1031
1025
1028
1030
1028
1026
1028
1030
1030
1028
1029
1026
1025
1030
1027
1030
1025
1027
1025
1025
1028
1025
1025
1026
1027
1025
1030
1027
1026
1025
1026
1026
1030
1031
1025
1025
1026
1025
1025
1030
1026
1028
1030
1028
1027
1031
1025
1031
1027
1025
1029
1026
1026
1025
1027
1027
1027
1029
1031
1031
1028
1031
1026
1029
1027
1027
1027
1025
1029
1031
1027
1025
1031
1031
1031
1027
1026
1029
1025
1025
1025
1027
1028
1027
1030
1029
1025
1031
1026
1031
1027
1027
1025
1031
1029
1026
1026
1031
1027
1029
1031
1026
1031
1025
1025
1030
1026
1029
1026
1027
1030
1028
1027
1025
1028
1029
1030
1030
1025
1027
1030
1026
1029
1025
1029
1029
1027
1028
1028
1031
1029
1030
1031
1028
1030
1025
1028
1030
1026
1030
1030
1029
1027
1031
1025
1027
1029
1031
1031
1026
1026
1029
1028
1028
1028
1030
1030
1030
1027
1057
1061
1055
1059
1058
1058
1060
1057
1057
1061
1059
1058
1059
1060
1059
1057
1055
1058
1061
1061
1061
1058
1060
1061
1061
1059
1058
1056
1058
1056
1060
1056
1056
1061
1056
1061
1059
1057
1059
1059
1060
1056
1057
1058
1058
1059
1061
1059
1060
1058
1060
1056
1061
1059
1056
1060
1059
1061
1058
1060
1057
1058
1061
1060
1058
1060
1056
1058
1060
1058
1057
1057
1059
1061
1060
1058
1061
1059
1057
1056
1055
1059
1056
1061
1056
1058
1059
1058
1061
1061
1059
1056
1057
1061
1059
1056
1055
1057
1055
1056
1055
1057
1061
1055
1060
1058
1061
1057
1057
1056
1060
1056
1060
1060
1058
1055
1059
1058
1058
1056
1058
1060
1060
1061
1059
1055
1056
1058
1061
1058
1059
1056
1061
1056
1061
1055
1059
1059
1060
1058
1057
1058
1058
1058
1056
1061
1056
1058
1055
1056
1061
1057
1058
1059
1055
1060
1057
1061
1057
1058
1056
1056
1059
1059
1058
1060
1055
1061
1061
1058
1058
1060
1055
1061
1058
1055
1060
1057
1060
1057
1059
1058
1055
1058
1058
1058
1055
1058
1060
1059
1059
1060
1057
1061
1061
1059
1059
1059
1061
1060
1061
1056
1059
1057
1060
1058
1061
1061
1057
1057
1058
1061
1059
1059
1060
1059
1060
1057
1055
1060
1055
1059
1060
1056
1061
1086
1088
1087
1087
1087
1089
1086
1085
1085
1086
1088
1091
1089
1088
1085
1089
1086
1091
1085
1090
1085
1088
1088
1086
1087
1090
1089
1089
1090
1086
1088
1085
1086
1091
1089
1091
1086
1091
1086
1087
1085
1085
1088
1085
1086
1091
1089
1091
1088
1087
1087
1089
1091
1086
1088
1085
1089
1085
1091
1085
1086
1090
1091
1085
1087
1086
1090
1087
1090
1091
1090
1089
1087
1086
1085
1086
1089
1089
1087
1085
1089
1085
1088
1085
1090
1088
1090
1091
1087
1088
1089
1090
1089
1087
1086
1089
1090
1086
1087
1087
1091
1087
1085
1086
1089
1091
1089
1086
1087
1090
1091
1086
1085
1088
1091
1089
1091
1089
1090
1090
1091
1090
1085
1090
1088
1087
1089
1087
1088
1090
1085
1087
1086
1088
1087
1088
1089
1090
1090
1088
1090
1086
1085
1091
1085
1090
1088
1086
1085
1088
1090
1087
1085
1090
1090
1086
1089
1090
1090
1090
1085
1089
1091
1086
1088
1088
1085
1089
1091
1088
1085
1088
1088
1086
1090
1090
1087
1086
1090
1090
1090
1091
1085
1088
1087
1085
1091
1088
1087
1085
1086
1089
1085
1087
1089
1085
1090
1088
1087
1087
1086
1090
1090
1088
1086
1085
1090
1086
1088
1086
1087
1089
1085
1091
1086
1091
1086
1088
1087
1086
1090
1085
1086
1086
1091
1090
1087
1088
1086
1091
1115
1116
1116
1119
1115
1118
1116
1120
1116
1117
1117
1115
1121
1117
1120
1116
1121
1115
1120
1118
1118
1118
1117
1117
1115
1120
1119
1121
1120
1121
1121
1116
1115
1116
1115
1115
1120
1117
1116
1119
1115
1118
1120
1118
1117
1117
1118
1120
1120
1119
1116
1121
1121
1117
1119
1118
1121
1118
1121
1118
1119
1121
1115
1121
1121
1115
1120
1120
1116
1115
1117
1117
1117
1115
1121
1116
1117
1115
1115
1116
1119
1119
1120
1120
1119
1116
1120
1118
1118
1121
1115
1115
1120
1119
1121
1115
1116
1115
1116
1117
1116
1119
1121
1120
1120
1120
1120
1119
1121
1121
1115
1119
1117
1119
1118
1121
1118
1119
1120
1116
1117
1117
1117
1119
1116
1115
1115
1121
1121
1117
1120
1120
1121
1118
1119
1117
1115
1115
1118
1117
1118
1118
1120
1117
1116
1121
1120
1118
1121
1120
1118
1118
1115
1117
1120
1118
1117
1120
1117
1118
1120
1115
1115
1115
1116
1121
1117
1119
1115
1118
1119
1118
1119
1116
1115
1116
1118
1116
1115
1118
1118
1119
1121
1120
1119
1115
1117
1119
1116
1118
1120
1118
1117
1117
1117
1115
1119
1118
1120
1118
1119
1115
1116
1115
1117
1117
1121
1121
1119
1115
1115
1121
1116
1118
1121
1116
1118
1118
1117
1120
1115
1119
1119
1118
1120
1120
1116
1121
1115
1117
1120
1117
1115
1117
1115
1150
1145
1147
1150
1150
1145
1148
1150
1151
1150
1149
1150
1146
1146
1151
1147
1148
1150
1145
1151
1149
1149
1148
1145
1149
1145
1150
1148
1150
1146
1146
1146
1149
1148
1148
1151
1147
1145
1149
1150
1148
1147
1148
1147
1146
1146
1146
1146
1146
1148
1151
1150
1151
1148
1148
1145
1145
1151
1151
1147
1146
1149
1146
1151
1150
1151
1145
1148
1150
1150
1146
1149
1148
1149
1149
1151
1151
1149
1147
1150
1147
1147
1147
1149
1146
1146
1149
1146
1149
1148
1146
1151
1146
1149
1147
1151
1150
1151
1147
1150
1145
1149
1145
1149
1148
1146
1150
1146
1149
1146
1147
1151
1151
1151
1145
1150
1145
1150
1151
1151
1145
1148
1148
1147
1150
1148
1146
1151
1147
1147
1151
1146
1145
1148
1146
1148
1151
1148
1146
1147
1151
1149
1147
1148
1148
1145
1147
1145
1148
1151
1149
1150
1149
1150
1149
1147
1146
1149
1147
1145
1149
1149
1151
1149
1149
1146
1146
1146
1151
1145
1146
1148
1150
1151
1148
1150
1146
1150
1145
1149
1150
1150
1150
1148
1146
1146
1145
1148
1150
1149
1147
1151
1149
1147
1150
1149
1151
1149
1149
1146
1145
1147
1149
1148
1151
1146
1145
1145
1150
1146
1148
1146
1150
1146
1147
1146
1150
1146
1146
1146
1147
1149
1145
1151
1150
1145
1149
1145
1145
1151
1146
1151
1148
1149
1147
1150
1151
1151
1150
1149
1176
1178
1175
1175
1175
1179
1177
1175
1178
1179
1181
1180
1181
1176
1175
1177
1176
1176
1176
1181
1177
1178
1179
1175
1179
1178
1179
1176
1175
1177
1177
1175
1176
1181
1180
1179
1180
1180
1179
1177
1178
1178
1180
1179
1175
1176
1177
1180
1177
1176
1176
1180
1178
1178
1177
1178
1178
1177
1179
1175
1181
1180
1175
1179
1177
1178
1177
1180
1181
1176
1181
1175
1180
1178
1180
1181
1178
1178
1176
1180
1177
1181
1179
1175
1175
1179
1177
1179
1177
1177
1177
1180
1180
1179
1178
1177
1178
1175
1176
1181
1179
1181
1178
1176
1175
1175
1181
1181
1181
1181
1179
1176
1175
1176
1180
1175
1177
1181
1180
1175
1180
1176
1181
1181
1181
1180
1175
1175
1176
1175
1177
1175
1177
1177
1176
1178
1178
1178
1181
1179
1180
1179
1181
1177
1177
1178
1177
1181
1176
1180
1180
1179
1178
1181
1181
1177
1176
1175
1179
1178
1180
1180
1179
1175
1175
1180
1179
1175
1177
1177
1178
1179
1177
1177
1177
1181
1179
1175
1181
1176
1176
1179
1177
1176
1179
1180
1175
1178
1178
1178
1177
1180
1176
1177
1181
1181
1178
1180
1179
1178
1177
1177
1181
1178
1175
1176
1176
1180
1176
1177
1175
1176
1180
1181
1179
1179
1181
1181
1175
1178
1180
1175
1178
1179
1181
1177
1181
1180
1180
1179
1177
1175
1180
1180
1179
1176
1177
1180
1181
1177
1178
1180
1181
1178
1175
1208
1211
1211
1209
1206
1208
1209
1209
1210
1210
1211
1206
1205
1207
1205
1205
1208
1207
1210
1211
1206
1206
1208
1208
1209
1207
1211
1209
1206
1206
1208
1208
1211
1207
1207
1207
1209
1211
1205
1206
1208
1210
1205
1205
1206
1207
1207
1208
1205
1210
1206
1205
1206
1210
1208
1211
1206
1207
1208
1208
1205
1210
1208
1207
1206
1207
1209
1207
1210
1206
1205
1205
1209
1206
1209
1208
1209
1205
1208
1208
1205
1205
1210
1205
1209
1210
1208
1207
1209
1206
1205
1205
1209
1210
1209
1209
1206
1207
1209
1210
1210
1207
1211
1209
1205
1207
1208
1205
1206
1208
1205
1207
1207
1208
1208
1205
1206
1206
1205
1209
1211
1209
1210
1208
1210
1205
1208
1208
1210
1211
1205
1211
1209
1210
1206
1207
1211
1207
1209
1211
1210
1209
1211
1208
1207
1211
1211
1209
1210
1210
1209
1206
1205
1211
1211
1205
1205
1209
1211
1205
1211
1207
1207
1205
1206
1210
1209
1206
1210
1206
1211
1206
1207
1210
1210
1207
1211
1211
1211
1205
1209
1209
1209
1211
1206
1211
1206
1206
1211
1205
1211
1210
1205
1207
1211
1207
1205
1205
1210
1210
1208
1205
1207
1209
1210
1206
1205
1207
1209
1207
1208
1207
1211
1206
1210
1207
1210
1207
1210
1207
1210
1205
1207
1211
1206
1207
1211
1207
1206
1208
1207
1209
1208
1209
1208
1210
1209
1207
1209
1210
1206
1207
1205
1207
1209
1205
1205
1208
1208
1211
1239
1238
1236
1238
1238
1239
1239
1238
1237
1239
1238
1236
1239
1240
1238
1239
1237
1240
1239
1240
1237
1237
1240
1236
1237
1238
1237
1239
1236
1241
1240
1238
1235
1237
1241
1236
1235
1238
1236
1238
1241
1237
1239
1238
1241
1241
1241
1240
1237
1238
1240
1237
1237
1241
1241
1238
1236
1241
1235
1240
1235
1235
1238
1236
1235
1236
1236
1237
1241
1237
1239
1241
1241
1240
1239
1240
1236
1237
1239
1241
1240
1241
1240
1236
1235
1236
1236
1235
1236
1235
1237
1240
1238
1241
1241
1236
1238
1235
1236
1238
1239
1239
1240
1239
1239
1237
1237
1239
1235
1235
1239
1239
1240
1237
1239
1236
1236
1241
1235
1235
1239
1238
1241
1237
1240
1237
1240
1236
1241
1239
1237
1241
1241
1237
1239
1235
1237
1239
1239
1240
1235
1237
1241
1241
1235
1240
1237
1241
1241
1239
1236
1235
1235
1239
1238
1240
1235
1236
1235
1241
1238
1241
1236
1238
1241
1238
1240
1238
1240
1237
1239
1240
1241
1235
1236
1236
1240
1240
1235
1239
1238
1241
1237
1240
1237
1236
1240
1239
1239
1235
1235
1239
1235
1236
1237
1236
1238
1239
1241
1239
1235
1240
1240
1235
1239
1237
1239
1236
1237
1238
1240
1240
1240
1235
1235
1240
1240
1238
1235
1240
1240
1236
1238
1239
1235
1235
1236
1240
1239
1236
1236
1239
1235
1241
1235
1236
1237
1238
1241
1240
1240
1238
1238
1240
1239
1239
1241
1239
1238
1235
1238
1240
1236
1236
1237
1265
1268
1266
1265
1271
1268
1265
1267
1267
1267
1271
1267
1268
1267
1268
1268
1265
1270
1271
1266
1266
1271
1271
1271
1266
1271
1266
1268
1270
1266
1269
1266
1270
1267
1268
1269
1271
1266
1269
1271
1265
1265
1267
1270
1270
1268
1268
1271
1267
1267
1271
1269
1268
1267
1267
1265
1268
1268
1269
1268
1268
1270
1271
1267
1269
1268
1267
1265
1270
1265
1269
1271
1269
1267
1266
1265
1268
1271
1270
1271
1265
1267
1269
1266
1270
1267
1269
1268
1265
1265
1271
1265
1270
1267
1271
1268
1268
1265
1267
1266
1270
1269
1269
1266
1271
1266
1267
1270
1271
1265
1271
1269
1265
1266
1271
1270
1266
1271
1265
1266
1267
1271
1270
1269
1267
1268
1265
1269
1265
1267
1265
1267
1268
1270
1265
1269
1268
1271
1265
1265
1268
1267
1271
1265
1271
1269
1268
1265
1265
1270
1267
1269
1270
1271
1265
1271
1265
1265
1271
1271
1266
1271
1270
1271
1267
1267
1267
1266
1266
1270
1267
1268
1268
1266
1267
1266
1271
1270
1271
1268
1265
1268
1266
1265
1267
1270
1268
1270
1270
1270
1268
1270
1269
1269
1265
1268
1266
1270
1266
1267
1268
1271
1269
1271
1268
1270
1267
1271
1266
1269
1268
1268
1265
1265
1266
1269
1269
1266
1270
1269
1265
1265
1265
1266
1270
1269
1265
1269
1265
1270
1265
1269
1268
1267
1268
1268
1268
1265
1266
1265
1266
1267
1269
1265
1268
1266
1267
1269
1271
1270
1266
1265
1271
1268
1265
1271
1265
1265
1271
1265
1298
1296
1296
1299
1301
1297
1298
1300
1295
1299
1296
1300
1301
1300
1297
1296
1301
1295
1301
1300
1295
1301
1297
1297
1297
1300
1296
1301
1301
1300
1300
1299
1296
1300
1295
1299
1299
1297
1296
1299
1301
1298
1296
1297
1296
1300
1299
1300
1301
1299
1297
1299
1298
1301
1298
1299
1296
1301
1301
1300
1297
1301
1299
1298
1301
1297
1301
1297
1295
1298
1301
1298
1300
1298
1297
1299
1301
1295
1301
1296
1295
1301
1297
1296
1295
1295
1299
1295
1299
1296
1297
1301
1295
1301
1299
1298
1300
1297
1297
1295
1299
1300
1296
1300
1296
1296
1296
1298
1295
1299
1301
1299
1299
1298
1295
1299
1295
1300
1299
1295
1297
1298
1295
1296
1297
1298
1300
1298
1295
1300
1300
1295
1300
1297
1297
1296
1296
1300
1295
1295
1298
1299
1301
1300
1300
1296
1299
1298
1300
1301
1301
1298
1301
1298
1299
1295
1301
1299
1298
1300
1295
1295
1296
1300
1300
1299
1299
1295
1298
1301
1297
1297
1298
1301
1298
1295
1296
1297
1300
1296
1295
1298
1296
1298
1297
1300
1296
1296
1297
1299
1295
1297
1301
1299
1298
1295
1295
1298
1298
1300
1301
1300
1300
1299
1298
1301
1300
1300
1298
1300
1301
1296
1299
1299
1299
1301
1296
1301
1297
1298
1297
1301
1298
1298
1297
1297
1296
1299
1301
1295
1301
1299
1298
1301
1299
1301
1301
1298
1301
1299
1300
1297
1300
1301
1296
1301
1300
1298
1297
1299
1297
1297
1300
1297
1296
1297
1295
1295
1298
1301
1301
1299
1299
1301
1295
1330
1325
1329
1329
1325
1325
1326
1326
1327
1329
1326
1326
1330
1328
1331
1326
1325
1326
1329
1329
1327
1329
1330
1328
1325
1327
1329
1327
1328
1331
1330
1330
1327
1331
1329
1325
1328
1329
1329
1330
1329
1326
1327
1325
1328
1327
1325
1330
1325
1329
1329
1329
1326
1327
1329
1329
1329
1325
1328
1331
1331
1329
1330
1327
1327
1326
1326
1327
1325
1325
1325
1328
1331
1326
1329
1326
1330
1331
1326
1328
1331
1330
1328
1327
1328
1326
1325
1329
1330
1327
1327
1328
1326
1331
1325
1331
1327
1329
1331
1326
1330
1328
1325
1329
1331
1330
1329
1327
1325
1329
1331
1328
1330
1326
1326
1326
1331
1330
1327
1325
1325
1325
1330
1327
1329
1331
1331
1326
1331
1329
1327
1327
1329
1331
1330
1328
1329
1328
1330
1330
1328
1331
1326
1328
1331
1328
1331
1331
1329
1330
1331
1327
1329
1327
1330
1328
1330
1326
1328
1327
1326
1330
1325
1331
1327
1330
1328
1328
1325
1329
1327
1329
1328
1331
1331
1327
1327
1329
1329
1331
1330
1327
1327
1329
1329
1331
1328
1326
1328
1331
1328
1328
1331
1325
1330
1330
1331
1327
1325
1325
1330
1326
1330
1327
1327
1331
1331
1326
1326
1330
1326
1331
1329
1326
1329
1331
1330
1328
1326
1331
1327
1329
1326
1326
1329
1327
1331
1328
1331
1329
1328
1330
1327
1326
1328
1331
1329
1328
1330
1326
1331
1327
1325
1328
1330
1328
1331
1327
1327
1331
1328
1325
1328
1327
1325
1329
1331
1326
1326
1330
1325
1325
1328
1325
1326
1327
1331
1328
1325
1330
1361
1358
1355
1355
1355
1356
1361
1361
1361
1355
1356
1357
1360
1356
1359
1355
1355
1361
1356
1355
1360
1356
1360
1356
1359
1359
1360
1359
1361
1358
1358
1361
1357
1356
1357
1358
1360
1360
1356
1356
1358
1356
1359
1358
1356
1359
1357
1361
1358
1357
1361
1360
1360
1357
1358
1360
1358
1358
1359
1360
1356
1359
1356
1361
1355
1357
1357
1361
1358
1356
1355
1355
1361
1357
1355
1361
1358
1360
1356
1361
1358
1356
1359
1359
1356
1361
1359
1360
1359
1356
1359
1357
1360
1358
1358
1355
1360
1359
1359
1355
1358
1356
1358
1361
1357
1358
1357
1355
1360
1358
1360
1355
1360
1355
1355
1360
1356
1361
1358
1358
1356
1357
1358
1357
1355
1359
1359
1357
1356
1355
1357
1357
1355
1361
1356
1358
1360
1357
1357
1361
1355
1355
1358
1358
1361
1360
1359
1360
1356
1356
1355
1357
1359
1355
1357
1357
1358
1361
1355
1356
1358
1355
1360
1361
1357
1359
1361
1359
1355
1356
1359
1357
1357
1361
1358
1361
1361
1357
1355
1358
1356
1360
1358
1361
1361
1355
1358
1360
1356
1357
1357
1359
1357
1359
1355
1359
1358
1357
1358
1358
1360
1359
1355
1358
1361
1359
1357
1357
1357
1355
1360
1360
1360
1361
1355
1356
1355
1359
1359
1357
1361
1358
1360
1361
1361
1356
1356
1359
1356
1361
1356
1360
1360
1361
1358
1357
1355
1359
1357
1360
1355
1360
1355
1357
1360
1359
1360
1358
1359
1360
1359
1360
1359
1361
1356
1357
1361
1355
1361
1358
1360
1359
1361
1359
1355
1361
1359
1355
1357
1355
1360
1357
1359
1357
1359
1388
1386
1386
1386
1387
1385
1385
1386
1386
1390
1387
1390
1388
1390
1388
1387
1385
1391
1388
1387
1389
1386
1388
1385
1390
1389
1389
1386
1389
1385
1387
1391
1385
1388
1386
1386
1390
1387
1391
1385
1387
1387
1389
1391
1386
1388
1391
1389
1390
1385
1386
1390
1385
1387
1386
1386
1388
1385
1385
1385
1386
1391
1390
1385
1386
1391
1388
1390
1388
1389
1390
1385
1386
1387
1387
1390
1386
1386
1389
1386
1391
1386
1389
1386
1389
1388
1389
1389
1388
1387
1388
1391
1389
1388
1388
1388
1385
1391
1388
1388
1391
1387
1389
1389
1388
1385
1390
1390
1389
1390
1389
1387
1388
1387
1391
1385
1388
1390
1388
1389
1388
1390
1385
1389
1390
1389
1391
1389
1388
1386
1386
1386
1388
1385
1388
1389
1390
1391
1389
1388
1385
1389
1390
1390
1388
1388
1385
1390
1389
1387
1388
1388
1385
1389
1387
1388
1388
1386
1386
1385
1386
1388
1389
1390
1388
1387
1386
1388
1390
1386
1385
1390
1390
1388
1386
1387
1385
1387
1391
1388
1388
1387
1386
1385
1391
1386
1387
1387
1386
1391
1385
1387
1391
1386
1387
1388
1389
1385
1388
1389
1391
1386
1389
1391
1390
1391
1386
1388
1389
1385
1389
1386
1386
1389
1390
1385
1388
1386
1390
1389
1391
1387
1386
1386
1387
1385
1385
1386
1388
1387
1386
1390
1390
1389
1391
1388
1390
1389
1390
1386
1391
1389
1390
1385
1388
1390
1389
1389
1388
1388
1390
1386
1385
1388
1386
1391
1386
1385
1389
1389
1386
1390
1385
1389
1385
1385
1388
1389
1386
1390
1389
1387
1386
1385
1388
1387
1389
1391
1386
1391
1420
1421
1416
1418
1417
1416
1418
1417
1415
1416
1421
1415
1418
1416
1421
1415
1420
1417
1415
1418
1421
1420
1416
1418
1420
1417
1417
1418
1416
1415
1421
1420
1419
1420
1419
1421
1418
1416
1417
1421
1420
1420
1417
1417
1419
1421
1418
1417
1415
1416
1421
1419
1416
1420
1420
1415
1415
1416
1416
1417
1416
1421
1417
1420
1418
1419
1418
1421
1415
1419
1415
1415
1415
1419
1415
1416
1421
1417
1416
1417
1416
1415
1420
1420
1420
1416
1417
1421
1421
1417
1419
1416
1421
1420
1416
1420
1419
1418
1417
1415
1417
1421
1421
1415
1415
1416
1420
1416
1418
1419
1419
1421
1416
1418
1415
1419
1421
1417
1421
1419
1420
1415
1418
1421
1420
1420
1415
1420
1420
1420
1417
1419
1415
1420
1416
1416
1419
1418
1415
1417
1420
1415
1415
1415
1416
1417
1417
1420
1415
1415
1421
1416
1421
1417
1418
1417
1420
1419
1419
1417
1417
1420
1415
1415
1417
1419
1421
1416
1417
1420
1419
1416
1415
1415
1420
1417
1421
1418
1420
1419
1418
1421
1416
1416
1416
1415
1416
1417
1416
1421
1417
1418
1416
1420
1416
1415
1415
1415
1418
1415
1421
1418
1417
1420
1417
1421
1421
1421
1421
1418
1415
1420
1416
1420
1420
1418
1420
1416
1420
1421
1418
1421
1417
1417
1415
1416
1416
1415
1419
1416
1417
1421
1417
1415
1415
1418
1416
1417
1417
1417
1419
1418
1420
1419
1420
1415
1421
1415
1416
1419
1419
1418
1419
1419
1419
1420
1420
1416
1416
1416
1418
1421
1420
1417
1415
1418
1418
1421
1421
1420
1417
1420
1420
1416
1417
1420
1416
1415
1416
1417
1416
1419
1415
1417
1419
1449
1445
1447
1445
1448
1445
1446
1450
1449
1447
1449
1450
1446
1447
1445
1448
1448
1449
1445
1448
1445
1447
1445
1447
1451
1448
1446
1448
1449
1448
1445
1445
1445
1448
1446
1449
1445
1450
1451
1445
1445
1449
1448
1445
1448
1450
1447
1449
1448
1445
1450
1446
1447
1446
1448
1447
1449
1448
1448
1447
1446
1447
1447
1446
1445
1445
1451
1447
1448
1445
1447
1448
1445
1445
1451
1445
1445
1448
1446
1448
1450
1449
1445
1448
1445
1451
1451
1447
1448
1446
1449
1448
1446
1447
1448
1445
1449
1447
1451
1445
1447
1450
1447
1450
1447
1447
1450
1449
1451
1445
1448
1447
1450
1447
1449
1449
1450
1446
1446
1446
1447
1447
1446
1445
1446
1445
1447
1450
1446
1449
1448
1445
1445
1448
1445
1448
1447
1447
1448
1446
1449
1450
1447
1450
1445
1447
1449
1448
1448
1445
1450
1451
1445
1445
1451
1451
1448
1451
1446
1448
1450
1445
1446
1451
1446
1447
1451
1451
1447
1448
1450
1450
1449
1447
1450
1447
1447
1451
1445
1447
1447
1447
1450
1448
1448
1446
1446
1448
1446
1451
1450
1447
1450
1449
1450
1449
1449
1451
1450
1448
1449
1448
1445
1448
1445
1448
1445
1447
1447
1449
1449
1446
1451
1451
1450
1451
1447
1445
1446
1448
1451
1445
1450
1446
1445
1445
1446
1451
1448
1451
1451
1450
1445
1450
1447
1450
1451
1445
1447
1451
1446
1447
1445
1449
1447
1449
1451
1450
1446
1447
1446
1451
1451
1450
1447
1447
1448
1449
1449
1446
1446
1446
1446
1446
1446
1450
1449
1447
1450
1448
1445
1446
1445
1451
1447
1445
1445
1449
1445
1447
1447
1445
1448
1448
1451
1449
1445
1450
1450
1447
1477
1480
1479
1475
1481
1479
1475
1475
1476
1479
1478
1480
1480
1479
1480
1480
1476
1480
1475
1475
1478
1479
1481
1480
1477
1481
1481
1478
1480
1476
1475
1475
1480
1477
1479
1481
1479
1475
1478
1478
1478
1476
1481
1479
1479
1480
1478
1475
1476
1475
1479
1476
1481
1475
1475
1476
1476
1475
1478
1478
1478
1478
1481
1480
1481
1481
1478
1477
1480
1475
1475
1476
1481
1475
1477
1477
1479
1476
1478
1480
1479
1481
1477
1475
1476
1478
1479
1479
1477
1477
1479
1480
1480
1475
1480
1476
1479
1479
1479
1478
1481
1478
1476
1479
1475
1479
1476
1477
1476
1476
1479
1480
1476
1481
1480
1477
1476
1478
1481
1477
1477
1475
1479
1475
1479
1476
1479
1477
1479
1481
1478
1476
1477
1481
1478
1479
1477
1476
1475
1479
1480
1480
1475
1475
1479
1475
1476
1480
1478
1477
1481
1479
1476
1476
1480
1481
1477
1478
1479
1477
1476
1476
1480
1479
1476
1477
1477
1480
1476
1477
1475
1481
1476
1478
1481
1478
1476
1477
1477
1475
1475
1481
1477
1480
1478
1477
1479
1477
1477
1478
1480
1480
1478
1481
1475
1477
1479
1478
1479
1476
1479
1476
1477
1481
1475
1478
1479
1481
1478
1481
1479
1476
1481
1478
1480
1477
1479
1476
1478
1476
1480
1480
1476
1477
1481
1480
1480
1477
1475
1476
1480
1479
1475
1475
1478
1478
1479
1479
1478
1481
1478
1481
1476
1477
1475
1481
1480
1478
1479
1476
1478
1478
1481
1480
1476
1481
1481
1477
1477
1475
1481
1478
1478
1476
1477
1481
1481
1475
1478
1478
1475
1477
1479
1477
1476
1480
1480
1480
1479
1476
1476
1478
1480
1475
1480
1481
1475
1478
1479
1475
1480
1476
1477
1478
1476
10.0 5 10
20
