200 200
0 39
F 1 T 3 F 20 T 1 F 5 T 3 F 19 T 1 F 21 T 1 F 26 T 3 F 11 T 1 F 19 T 1 F 28 T 3 F 28 T 3 F 1 T 1 F 9 T 1 F 8 T 3 F 21 T 3 F 32 T 1 F 23 T 3 F 10 T 1 F 7 T 3 F 1 T 1 F 14 T 3 F 9 T 1 F 2 T 3 F 15 T 1 F 13 T 3 F 30 T 1 F 9 T 3 F 26 T 1 F 26 T 3 F 32 T 3 F 17 T 1 F 11 T 3 F 10 T 1 F 19 T 3 F 7 T 1 F 4 T 3 F 5 T 1 F 3 T 3 F 53 T 3 F 20 T 1 F 21 T 1 F 1 T 3 F 22 T 1 F 20 T 3 F 26 T 3 F 10 T 1 F 7 T 3 F 2 T 1 F 4 T 3 F 1 T 1 F 15 T 3 F 28 T 1 F 5 T 3 F 68 T 3 F 54 T 1 F 24 T 3 F 30 T 1 F 5 T 3 F 13 T 3 F 4 T 1 F 12 T 3 F 19 T 1 F 28 T 3 F 3 T 1 F 4 T 1 F 13 T 3 F 37 T 3 F 2 T 1 F 9 T 1 F 22 T 1 F 6 T 3 F 12 T 1 F 18 T 3 F 9 T 1 F 7 T 3 F 14 T 1 F 13 T 1 F 5 T 3 F 4 T 1 F 45 T 3 F 24 T 1 F 45 T 3 F 33 T 3 F 3 T 1 F 6 T 1 F 19 T 3 F 13 T 3 F 2 T 1 F 12 T 1 F 27 T 3 F 15 T 3 F 7 T 1 F 11 T 1 F 53 T 1 F 40 T 1 F 63 T 3 F 67 T 3 F 1 T 1 F 51 T 3 F 58 T 3 F 37 T 3 F 163 T 1 F 51 T 1 F 168
60.0 1.5 2
15250
499
492
266
187
216
239
218
253
197
468
192
311
264
285
434
481
462
386
475
426
264
290
355
438
206
313
195
413
465
458
165
362
463
399
403
252
459
333
471
199
198
391
300
260
340
421
496
482
306
494
413
365
77
366
157
487
193
204
403
330
369
378
387
446
78
339
350
461
496
452
444
280
470
426
248
398
420
426
396
362
333
483
447
374
175
337
404
363
177
195
475
336
215
321
406
416
234
412
477
369
483
340
466
405
260
138
501
202
348
413
404
485
114
473
486
468
376
231
471
218
493
374
109
454
322
438
438
133
272
36
355
333
116
363
449
130
328
254
496
203
355
419
212
343
330
474
340
344
236
313
396
385
399
457
463
313
342
420
166
476
450
343
379
351
212
469
428
304
355
317
247
414
332
411
487
275
207
354
464
332
487
325
256
50
468
437
433
417
188
238
500
295
324
351
213
152
248
326
449
478
424
408
444
330
368
53
263
324
377
447
267
360
446
394
480
454
219
201
231
346
334
411
495
481
468
347
284
457
300
267
503
49
195
361
466
102
443
501
460
478
69
62
346
408
456
370
192
440
378
476
492
204
404
194
375
339
371
223
156
430
351
349
458
427
272
499
172
289
438
414
166
368
482
423
339
437
453
294
333
304
477
198
500
293
461
261
412
191
234
460
311
505
384
448
482
345
290
307
206
440
481
384
381
384
433
216
203
396
267
293
124
378
500
212
274
335
367
424
346
404
478
491
247
355
436
461
200
463
302
251
453
232
318
93
505
232
408
278
443
232
482
456
487
194
456
387
301
252
381
455
130
224
492
292
460
397
441
433
393
481
268
386
377
195
415
415
466
206
425
437
148
364
460
195
480
39
291
499
376
145
458
254
460
136
442
449
466
371
449
432
301
396
373
305
497
222
315
217
444
463
438
76
412
423
142
156
456
307
491
379
397
361
399
493
384
488
480
78
253
187
386
459
346
462
379
443
141
375
488
490
138
491
244
200
170
437
111
165
430
321
198
284
245
504
491
386
290
195
303
276
167
110
306
123
85
216
409
322
318
435
347
175
315
334
411
305
369
112
276
320
419
493
408
218
275
284
466
264
476
429
376
483
144
317
71
276
364
500
387
346
436
502
401
398
324
182
455
428
342
321
51
51
51
50
51
50
50
50
51
50
50
51
51
51
51
51
50
51
51
50
51
51
51
50
50
50
51
51
50
50
50
50
50
50
50
50
50
51
50
50
50
51
50
51
50
51
50
51
50
51
61
61
61
61
60
60
61
60
61
61
61
61
61
61
61
60
61
60
61
60
61
61
61
61
61
61
61
60
61
60
61
60
60
60
60
61
60
60
61
61
61
60
60
60
60
61
60
61
61
61
61
61
60
60
61
60
61
61
60
61
71
70
70
71
71
71
70
70
71
71
70
71
70
70
70
70
71
70
70
71
71
70
71
70
70
71
70
70
71
70
70
71
71
71
71
71
71
70
70
70
71
71
70
71
70
71
70
70
71
71
71
70
70
70
70
70
70
70
70
71
70
71
71
70
70
70
70
70
71
70
81
80
80
80
81
81
81
80
80
80
80
80
80
81
80
80
80
81
80
80
81
80
80
80
80
80
80
80
80
81
81
81
80
80
80
81
80
81
81
81
80
81
80
81
81
81
81
81
81
81
80
81
81
81
80
80
80
80
80
81
80
81
81
81
80
80
81
81
81
81
80
80
81
80
80
81
81
81
80
81
90
90
91
90
90
91
91
90
91
91
91
90
90
90
90
90
91
91
90
91
90
91
91
90
91
91
91
91
90
90
90
91
91
90
91
91
91
91
90
90
90
91
90
91
90
90
91
90
91
90
90
91
90
90
91
91
91
91
91
91
91
90
91
91
91
90
90
90
91
90
90
90
91
90
91
91
90
91
90
90
91
91
91
91
91
91
91
91
91
91
100
100
101
101
100
101
100
101
100
101
100
101
101
100
100
100
100
101
101
100
100
100
100
100
100
101
101
101
101
101
101
100
100
101
101
101
101
100
101
101
100
101
100
100
101
101
101
100
100
100
100
100
100
100
100
101
100
101
100
101
100
100
101
101
101
101
101
101
100
100
101
100
100
100
100
100
101
100
100
100
100
101
101
100
100
101
101
100
100
100
100
101
101
101
100
101
101
100
101
101
111
111
111
111
110
110
111
110
110
110
111
111
111
111
111
110
111
111
110
110
110
111
110
110
110
111
111
110
111
110
111
111
111
111
110
110
111
110
110
111
111
111
110
111
110
110
110
110
111
111
110
110
110
111
110
111
111
111
110
110
110
110
110
110
110
110
111
111
111
110
111
111
111
110
110
110
110
111
110
111
111
110
111
111
111
111
110
111
111
110
110
110
111
111
110
110
111
111
111
110
110
111
110
110
111
110
111
110
110
111
120
121
120
120
120
121
120
120
121
121
120
121
120
120
120
121
121
121
121
120
121
121
121
121
120
121
121
121
121
121
120
121
120
121
120
121
121
120
120
121
121
120
120
121
120
121
121
120
121
121
121
120
121
120
120
120
121
121
121
121
121
121
121
120
121
121
120
120
120
121
120
121
120
120
121
121
120
121
120
120
120
121
121
121
120
121
120
120
120
121
120
120
121
121
120
121
121
121
121
120
121
121
121
121
121
121
121
121
120
120
120
121
120
121
121
120
121
121
121
120
130
131
131
130
131
130
130
130
130
130
130
131
130
131
131
130
130
131
130
131
131
130
130
130
131
130
131
130
131
130
131
130
130
131
131
130
131
131
131
130
130
131
130
131
131
130
130
131
130
130
131
131
130
131
130
130
131
131
130
130
130
130
131
131
130
130
131
131
130
130
131
130
130
130
130
131
131
131
131
131
131
131
130
131
131
131
130
131
131
130
131
131
131
131
130
130
131
131
131
130
130
130
130
130
131
130
131
130
130
130
130
131
130
130
130
130
131
131
131
131
130
130
130
130
131
130
131
131
130
131
141
140
141
140
141
141
141
141
141
141
140
141
141
141
141
140
141
140
140
140
140
141
140
141
140
140
140
140
141
141
141
141
140
141
141
141
140
140
140
141
140
140
140
140
141
140
140
140
140
140
141
141
140
141
141
141
140
140
141
141
141
141
141
141
141
140
141
141
140
141
141
141
140
141
141
141
140
141
140
140
141
141
140
141
141
141
140
140
140
141
140
141
141
141
140
140
140
141
140
141
141
141
140
140
140
140
140
141
140
140
140
140
140
140
141
140
141
141
140
141
140
140
141
140
140
141
141
141
140
141
141
140
140
141
140
140
141
140
141
141
150
151
150
150
150
151
150
151
151
151
151
151
151
150
150
150
150
150
151
151
151
150
151
151
151
151
150
150
151
150
151
151
150
150
150
150
150
150
150
150
150
151
151
150
151
150
151
151
150
151
151
150
150
151
150
150
150
151
151
151
151
151
150
151
150
151
150
151
151
150
150
151
150
150
150
150
150
151
151
151
151
151
150
150
150
151
150
151
151
150
151
151
150
150
150
151
151
150
150
151
151
151
150
151
150
150
150
151
150
151
150
151
151
151
150
150
150
150
151
151
151
151
151
151
151
151
151
151
150
150
150
150
151
151
151
151
151
150
151
151
151
150
151
150
151
151
151
151
150
151
161
161
161
160
160
160
160
160
161
160
161
160
161
161
160
161
161
160
161
161
160
161
161
160
160
160
160
161
161
160
161
160
161
161
161
161
160
161
161
160
160
161
160
161
161
160
161
160
161
160
161
161
160
160
161
161
160
161
160
160
161
161
161
161
161
161
161
161
160
160
160
161
161
161
161
160
161
160
161
161
160
160
160
161
160
161
160
160
161
160
161
160
161
161
160
160
161
160
161
161
161
160
161
161
161
161
160
160
160
161
160
160
160
161
161
161
160
160
160
161
160
160
160
160
161
160
160
160
160
160
160
161
161
160
161
160
161
160
160
161
160
160
160
161
160
161
160
160
161
161
161
161
161
160
160
160
160
160
161
160
171
170
170
170
170
170
170
171
170
171
170
170
170
170
171
171
170
170
170
171
170
171
170
170
170
170
170
170
171
170
171
170
171
171
171
170
171
171
171
170
171
170
170
170
171
171
171
171
170
170
171
171
171
170
170
171
171
171
170
170
170
170
171
171
171
170
171
171
170
170
171
171
171
170
170
171
170
170
171
170
170
170
171
171
171
170
170
170
170
170
171
170
171
170
171
171
170
170
170
171
171
171
170
170
170
171
171
171
170
170
170
171
170
171
170
171
170
171
170
170
170
170
170
170
170
171
171
171
171
171
171
170
171
171
170
171
170
171
170
170
170
170
170
170
170
171
170
171
170
170
171
170
171
170
171
171
170
170
171
170
171
171
171
170
171
171
171
170
170
171
180
180
181
180
181
181
181
180
180
181
181
181
181
180
181
181
181
180
180
181
181
181
181
180
180
180
181
181
181
181
181
180
181
180
181
181
181
180
180
181
181
181
181
180
181
180
180
181
181
181
181
181
181
181
180
180
180
180
181
181
181
180
181
181
181
180
180
181
181
181
180
181
181
181
180
180
181
180
181
180
181
181
180
180
180
180
181
181
180
180
181
180
181
181
181
181
181
181
180
181
181
181
180
181
180
180
180
181
181
180
180
181
181
181
181
181
181
181
180
181
180
181
181
181
181
180
180
180
181
181
180
180
180
181
181
180
181
180
181
181
180
181
180
180
181
180
180
180
180
181
181
180
181
181
180
181
181
180
181
181
181
180
180
181
180
181
181
180
180
180
180
181
181
180
180
181
180
180
180
180
190
191
190
191
190
190
191
190
190
190
191
190
190
190
190
191
191
190
191
190
191
191
190
191
191
190
191
191
191
190
190
191
190
191
191
191
190
191
191
191
190
190
190
191
190
190
190
190
191
190
190
190
191
191
190
191
191
190
190
191
190
190
191
190
190
191
190
190
191
191
190
191
191
190
190
191
191
191
191
190
190
190
191
191
190
191
191
191
190
190
191
191
191
191
190
190
191
191
190
191
191
190
191
191
191
191
191
190
191
190
190
191
191
190
191
190
191
191
191
190
191
190
190
191
191
190
191
190
190
190
191
191
190
191
191
190
190
190
191
190
190
190
191
190
190
190
190
190
191
190
190
191
191
191
191
191
190
191
191
191
190
190
190
190
191
190
191
191
190
191
190
191
190
191
191
191
191
190
190
190
190
190
190
191
190
190
191
191
190
191
200
200
200
200
200
200
201
201
201
201
201
200
201
201
200
201
201
201
200
201
201
200
200
200
200
200
200
201
200
201
200
200
200
200
201
201
201
201
200
201
200
200
201
200
200
200
200
200
201
200
201
200
200
200
200
201
201
201
201
201
201
201
200
201
200
200
201
201
201
201
200
201
201
201
200
200
200
201
200
200
201
201
201
200
201
201
200
201
201
200
200
201
201
201
201
200
200
200
201
200
200
201
201
201
201
200
201
201
201
200
201
200
200
201
200
201
201
200
201
201
200
201
201
201
200
200
200
200
200
201
200
201
200
201
201
200
201
200
200
200
201
201
201
200
200
201
201
200
200
200
201
200
201
200
200
200
201
200
201
200
201
201
200
200
201
200
200
201
201
200
200
201
201
201
201
200
201
200
200
200
201
200
200
201
201
201
201
200
200
201
201
200
200
201
201
200
200
200
201
200
210
211
210
211
211
211
211
211
211
211
210
210
211
210
211
211
211
210
210
210
211
210
210
210
211
210
211
210
211
210
211
211
210
210
211
210
211
210
210
210
210
210
211
210
210
210
211
210
210
210
211
210
211
211
210
210
210
210
211
210
210
211
210
210
211
210
211
211
211
211
210
210
210
210
210
210
211
210
210
210
210
210
210
211
211
210
210
211
211
211
211
211
210
210
211
211
211
210
211
210
210
211
211
210
211
210
211
211
211
210
211
211
211
211
210
210
210
210
210
211
211
210
210
211
211
211
210
210
211
210
210
211
211
210
211
210
211
211
211
211
211
210
211
210
210
210
210
210
211
211
210
210
210
211
211
210
211
210
211
210
210
210
211
211
211
210
211
211
210
210
211
210
211
211
210
210
211
210
211
210
210
211
210
210
211
211
210
210
210
210
211
210
210
210
211
210
211
210
211
210
211
210
210
210
211
210
210
210
211
210
221
221
221
221
221
220
220
221
220
221
220
220
220
220
220
220
221
221
221
221
221
221
221
220
220
221
221
221
221
220
220
220
220
220
221
221
221
220
221
220
221
220
221
221
221
220
221
221
221
221
220
220
220
221
220
220
220
220
221
221
220
220
221
221
221
221
220
220
221
220
220
221
220
221
220
221
221
221
221
221
220
220
220
221
220
221
220
220
220
220
221
220
220
221
220
220
221
221
220
221
221
220
220
221
221
220
220
221
220
221
221
221
220
220
221
220
221
220
221
220
221
221
221
220
221
220
220
221
221
221
221
221
220
221
221
220
221
220
220
221
221
221
220
220
221
221
221
221
221
220
221
221
220
220
221
221
221
220
220
220
220
221
221
220
220
220
221
221
220
220
221
220
221
220
220
221
220
221
221
221
221
220
221
221
221
221
220
221
220
221
220
220
220
221
221
220
220
221
221
220
220
221
221
220
221
221
221
220
221
221
221
220
221
220
221
221
221
221
221
221
231
230
231
230
230
231
231
231
231
230
231
230
230
230
230
231
231
231
230
231
230
231
230
231
231
230
230
231
230
231
231
231
230
231
231
231
230
231
231
231
230
230
231
231
231
231
231
230
231
231
231
231
231
230
230
230
230
231
231
231
231
231
230
231
230
231
231
230
231
230
231
231
230
230
231
230
230
231
231
230
231
230
231
231
230
231
230
231
231
230
231
230
230
230
230
231
230
231
231
231
230
230
230
230
231
230
231
230
230
231
231
230
231
231
230
230
230
230
230
231
231
231
231
231
231
231
230
231
230
230
231
231
231
231
231
230
231
230
231
231
231
230
231
231
231
231
231
231
230
231
231
230
230
230
230
231
231
230
231
230
231
231
231
230
230
231
230
230
230
231
230
230
230
231
231
230
231
231
231
230
231
230
231
230
231
230
231
230
231
231
230
231
230
231
230
231
230
231
231
231
230
231
231
231
230
230
230
231
231
231
230
230
230
230
231
230
230
230
231
231
230
231
230
230
230
231
230
230
230
230
241
240
241
240
241
240
241
241
240
241
240
240
241
240
240
240
240
240
240
240
240
241
240
241
241
241
240
240
240
240
240
241
241
240
240
240
240
240
240
240
240
241
240
240
241
241
240
241
240
240
240
241
240
241
241
241
240
240
241
241
241
241
240
241
240
241
240
241
240
241
241
240
240
240
241
240
241
241
241
240
240
241
241
240
240
240
241
240
241
240
240
240
240
241
241
240
241
240
241
240
240
241
240
241
241
241
241
240
240
240
241
240
240
240
240
241
240
241
241
240
241
240
241
240
241
240
240
241
241
240
241
241
241
240
241
241
241
240
241
240
240
240
241
241
240
240
240
240
240
240
240
240
241
241
241
241
241
241
241
241
240
240
241
241
241
241
241
241
241
240
240
241
240
240
241
241
241
241
240
240
241
240
240
240
240
241
241
241
241
241
240
240
240
241
241
241
240
240
240
240
241
241
240
240
240
241
240
241
241
241
240
241
241
240
241
241
240
241
241
240
241
241
240
240
241
240
240
241
241
240
241
241
240
240
240
240
241
240
240
240
251
250
250
251
251
250
251
251
251
251
251
250
251
251
251
250
250
251
250
251
250
251
250
251
250
251
250
250
251
250
250
251
251
251
250
250
251
250
250
250
251
250
250
250
251
251
251
250
250
251
250
250
251
250
251
251
251
250
251
251
251
251
250
251
250
251
250
250
251
251
251
251
251
250
251
251
250
250
251
250
250
251
250
251
250
251
251
251
250
250
250
251
250
250
250
251
251
251
250
251
251
251
251
250
251
250
250
251
250
251
251
250
250
251
250
251
250
250
251
250
251
250
250
250
251
251
250
251
251
251
250
250
251
251
251
251
251
251
250
251
250
251
250
251
251
251
251
251
251
251
251
251
250
250
250
251
251
250
251
251
250
251
251
250
250
250
251
251
250
250
250
251
250
250
251
250
251
250
251
251
250
251
251
251
251
250
251
250
251
250
250
250
251
251
250
250
251
251
250
251
251
250
250
250
250
250
251
250
250
251
251
251
250
251
251
250
250
250
250
250
250
251
251
251
251
250
250
250
250
250
250
250
250
250
251
250
251
250
251
250
251
250
251
251
251
250
251
251
250
251
261
260
261
261
260
261
260
260
261
260
260
261
261
260
261
260
261
260
260
260
261
260
260
261
261
260
260
260
261
261
261
261
261
260
260
261
260
260
261
261
260
260
260
261
261
261
261
260
261
261
261
261
261
261
260
260
260
260
261
260
261
261
260
261
260
261
261
261
260
261
260
260
260
261
260
261
260
260
260
260
261
261
260
260
261
260
261
261
261
260
260
260
260
261
260
260
261
260
261
261
260
261
260
260
260
261
261
260
261
261
260
260
260
261
260
261
261
261
261
261
260
261
261
261
260
260
261
261
260
261
260
260
261
261
260
260
261
261
261
260
260
261
260
260
261
260
261
260
261
260
260
261
261
260
261
261
261
261
261
261
261
261
261
260
260
260
260
261
260
261
261
260
260
261
261
261
261
260
261
260
260
261
261
260
260
261
261
260
261
261
260
260
260
261
260
261
260
261
260
260
261
261
261
260
261
260
260
260
260
261
260
261
261
261
261
260
260
260
260
260
260
260
261
260
260
261
260
260
260
260
261
260
261
261
261
260
261
261
261
260
260
261
260
260
261
261
260
261
261
260
260
260
261
261
260
260
260
260
261
261
270
270
270
270
270
271
270
270
270
271
271
271
270
271
270
270
270
270
271
270
270
271
271
271
271
270
271
271
271
271
270
270
271
271
270
270
271
271
270
270
270
270
270
271
271
271
270
270
270
270
271
271
271
271
270
271
270
271
271
270
271
271
271
271
271
270
270
270
271
271
271
271
271
271
271
271
270
270
270
271
270
270
270
270
271
270
270
270
270
270
270
270
270
270
270
271
270
271
271
271
271
271
270
271
271
271
270
271
271
271
271
271
270
271
271
271
270
271
271
270
271
271
271
271
271
270
270
270
271
271
270
271
270
270
270
270
270
270
270
271
270
270
271
271
271
270
270
271
270
271
271
271
271
271
270
270
271
271
271
270
270
270
271
270
270
271
270
271
271
270
270
270
271
271
270
270
271
271
270
271
271
271
271
271
271
270
271
271
270
271
271
270
270
271
271
271
271
270
271
270
271
271
271
270
270
270
271
270
270
270
270
270
270
270
270
271
270
270
270
270
271
271
270
270
271
271
271
271
271
270
270
270
270
271
271
271
271
271
270
270
270
270
270
271
271
270
270
270
270
271
270
271
271
270
271
270
270
270
270
271
270
270
270
271
271
270
271
270
271
271
281
281
281
280
281
280
281
281
281
281
280
280
281
280
280
280
281
281
281
281
281
280
281
281
280
281
280
280
280
280
280
280
281
281
280
280
281
280
280
281
280
280
281
280
280
280
280
281
281
281
281
281
281
280
281
281
280
280
281
280
281
280
281
280
280
280
281
280
280
280
281
281
281
281
280
280
281
280
281
280
281
280
280
280
281
281
280
281
281
281
281
280
281
280
281
281
280
280
281
280
280
280
280
280
280
280
281
281
280
281
280
280
281
281
280
280
280
281
281
280
280
280
281
281
281
281
281
280
280
281
280
280
280
280
280
281
280
280
281
281
280
280
281
281
280
280
281
280
280
281
280
281
280
280
281
280
280
280
280
280
280
281
280
281
280
280
280
281
281
280
280
281
281
281
280
281
281
280
280
280
281
281
280
280
281
281
280
281
281
280
281
281
280
280
280
281
280
281
280
280
281
280
281
280
280
281
280
281
281
281
280
280
280
280
280
281
280
281
281
281
280
280
280
281
281
280
280
281
281
281
280
280
280
281
280
281
280
280
280
280
280
281
281
281
280
281
280
281
280
280
281
281
281
280
281
280
280
281
280
280
281
280
280
281
280
280
281
280
280
281
280
280
280
280
281
281
280
280
280
281
290
290
290
291
291
290
290
291
290
290
291
290
291
291
291
291
290
291
291
291
291
290
290
291
290
290
290
291
291
291
290
291
291
291
290
291
290
291
290
290
291
290
291
290
290
290
290
290
291
290
291
291
291
290
290
290
291
290
291
290
291
291
290
290
291
291
290
290
290
291
291
290
291
290
291
290
291
290
291
290
291
291
291
291
290
290
290
290
291
290
290
290
290
290
291
291
291
291
290
291
291
290
290
290
291
290
291
290
290
290
290
290
290
291
290
291
290
291
290
290
291
290
290
291
291
290
291
290
291
290
291
291
291
290
290
290
291
291
291
290
291
291
290
291
290
291
290
291
290
290
291
291
290
290
290
290
291
291
290
291
291
290
290
291
290
290
291
290
290
291
290
291
290
290
290
291
291
290
290
291
291
291
290
291
291
290
290
290
291
291
291
291
291
290
291
290
290
290
290
290
290
291
291
291
291
291
291
291
290
290
291
291
291
290
291
290
291
291
290
290
290
290
291
290
290
290
290
291
290
290
291
290
291
291
290
291
291
290
290
290
290
291
291
291
291
290
291
290
291
291
290
291
291
291
290
291
290
290
290
291
290
291
290
291
290
291
290
291
290
290
291
291
291
290
290
291
291
290
290
291
290
290
290
290
291
291
290
290
290
290
300
300
300
300
301
301
301
301
301
301
301
300
300
301
300
300
301
300
300
300
301
301
300
300
301
300
301
300
300
301
300
301
300
300
301
300
301
301
301
300
301
300
300
300
300
301
300
301
301
301
300
301
301
300
300
301
300
301
301
301
300
300
300
300
301
300
301
301
301
300
300
300
301
300
301
300
300
300
300
300
301
301
300
301
301
300
301
301
300
300
301
300
301
300
300
301
301
301
301
300
300
301
301
301
301
300
300
301
301
301
300
301
300
300
300
301
300
300
301
301
300
301
300
301
300
300
301
300
300
300
300
300
300
300
301
301
301
300
301
300
300
301
301
301
300
301
301
300
301
301
301
301
300
301
301
300
300
301
301
301
300
301
300
301
301
300
300
301
301
301
300
301
300
301
301
300
300
300
301
301
300
300
300
300
300
301
301
301
300
300
301
300
300
300
301
301
300
301
301
300
300
300
300
300
300
301
301
300
301
301
301
301
300
300
300
300
300
300
301
300
300
301
301
301
301
300
300
300
300
300
300
300
301
301
300
300
300
300
300
300
301
301
300
300
300
301
300
301
300
301
300
300
300
301
301
300
300
301
300
301
301
301
301
300
301
301
301
301
300
301
300
300
301
301
301
301
300
301
300
300
301
300
301
300
301
301
300
301
301
301
300
301
301
301
300
301
300
301
301
300
310
311
310
310
310
311
310
311
310
311
310
311
310
310
310
311
310
310
311
310
310
311
311
311
310
310
311
311
310
311
311
310
310
311
311
311
311
310
311
311
311
310
310
311
310
310
310
310
311
310
311
310
311
311
310
311
311
310
310
311
310
311
311
311
311
311
310
311
310
310
311
311
310
310
311
310
311
311
311
310
310
310
310
310
311
310
311
310
310
310
310
311
311
311
310
310
310
310
310
311
310
310
310
311
311
311
310
311
310
310
310
311
311
311
310
310
311
310
310
311
311
310
310
310
310
310
310
311
310
311
311
310
310
310
311
310
311
311
311
311
310
310
310
311
310
311
311
311
310
311
310
310
310
310
311
310
311
310
310
311
310
311
310
311
310
311
310
311
310
311
310
310
311
311
310
310
311
311
311
310
310
310
310
311
311
311
311
310
310
310
311
310
310
311
311
311
310
311
311
311
310
311
311
311
311
311
310
311
311
310
310
311
311
311
310
310
310
311
311
311
310
310
310
311
311
310
311
310
311
311
311
311
311
311
311
310
310
310
311
310
310
310
311
311
310
310
310
310
310
311
311
311
311
311
310
310
310
310
310
311
311
310
311
311
311
311
310
311
311
310
310
310
310
311
311
311
310
310
310
311
311
310
310
311
311
310
310
310
311
311
310
311
310
311
311
310
311
310
311
311
311
311
311
310
310
311
310
310
311
310
320
321
321
320
320
320
320
321
321
320
321
321
321
320
320
320
321
321
321
320
321
321
320
321
320
320
321
321
320
320
321
320
321
321
320
320
321
320
320
321
320
321
321
321
320
320
321
320
320
321
321
321
320
320
321
320
320
321
321
320
320
321
320
321
321
320
321
321
321
320
320
320
320
320
320
321
321
320
320
321
320
321
320
321
320
321
320
320
320
321
321
321
320
321
320
320
320
321
321
320
321
321
320
321
320
320
321
321
321
321
321
321
320
321
321
321
320
321
320
320
321
320
320
321
320
320
321
320
321
321
321
321
321
320
321
320
320
321
321
320
321
320
321
320
321
321
320
320
321
321
320
320
320
321
320
321
321
320
320
321
321
320
320
321
320
321
320
320
321
321
321
321
320
320
321
321
321
320
320
321
321
321
320
320
321
320
321
320
320
321
321
320
320
321
321
320
321
320
321
320
321
320
321
320
320
320
321
320
321
321
320
321
321
321
321
320
321
320
321
320
320
321
320
320
320
321
321
320
321
321
320
321
320
321
320
320
320
320
320
321
321
320
320
320
321
320
320
320
321
320
320
320
321
320
320
320
321
320
320
321
321
321
321
321
321
321
321
321
320
320
321
320
320
320
321
320
321
321
321
321
321
320
320
321
320
320
321
320
321
320
321
321
321
321
320
320
320
320
321
321
321
320
320
321
320
320
321
321
320
321
321
320
321
320
321
321
321
320
321
320
330
331
330
331
330
330
330
331
330
331
330
330
331
330
331
330
331
331
330
330
331
330
331
330
330
331
330
331
330
330
331
330
331
330
330
330
330
331
331
330
331
330
330
331
330
331
331
331
331
330
331
330
330
331
331
331
331
330
331
330
331
331
331
330
331
331
331
331
331
330
331
331
331
331
331
331
331
330
330
331
330
330
331
330
331
330
331
331
331
330
330
330
330
330
330
331
330
331
331
331
331
331
330
330
330
331
330
331
331
331
330
330
330
331
330
331
331
330
330
331
330
331
331
330
330
330
330
331
330
331
330
330
330
330
331
330
330
331
330
330
330
331
330
331
330
330
330
330
331
331
330
330
331
330
330
330
331
331
330
331
331
330
330
330
330
330
330
331
330
330
331
330
331
331
330
331
330
330
330
331
331
331
331
330
331
331
330
331
330
330
331
331
330
331
330
330
331
330
330
330
330
330
330
331
331
331
330
330
331
330
331
330
330
330
331
330
330
330
331
331
330
331
330
331
330
330
331
331
331
331
330
330
330
330
330
331
331
331
330
330
331
331
331
331
331
330
330
331
330
330
331
331
331
331
330
331
330
330
330
330
331
331
330
330
330
330
331
331
330
330
331
331
330
331
331
331
331
330
331
330
330
331
331
330
331
330
330
331
330
331
331
330
331
330
331
331
331
330
330
331
331
330
331
330
331
330
331
331
330
330
331
330
330
330
331
330
331
330
331
331
331
330
331
330
331
331
330
330
331
330
341
340
340
340
340
340
341
340
340
340
341
341
340
340
341
341
340
340
340
340
341
341
340
340
341
341
340
340
341
341
340
341
340
341
340
340
341
341
340
341
340
341
340
341
341
341
341
341
341
340
341
341
341
341
341
340
341
341
341
341
341
340
341
340
341
341
341
341
340
341
340
341
340
341
341
341
341
340
341
341
341
341
341
341
341
341
341
340
340
340
341
341
341
340
340
340
341
340
340
340
341
341
341
341
340
341
340
340
341
341
340
340
340
341
341
341
341
341
340
341
340
340
340
340
340
340
341
340
341
341
340
341
340
340
340
340
340
340
340
340
340
341
341
340
340
340
340
341
341
340
340
340
341
341
341
341
340
340
341
341
341
340
341
340
341
340
341
340
341
341
341
340
340
341
341
340
341
340
340
340
340
340
341
341
340
340
341
340
340
340
340
340
341
341
340
341
341
340
341
341
341
341
340
340
341
341
341
340
340
341
341
340
340
340
341
341
341
340
340
340
340
340
340
341
341
340
340
341
340
341
341
341
341
340
341
341
341
340
341
341
341
340
341
340
340
341
340
341
340
340
340
340
340
340
341
341
340
341
341
340
341
340
341
341
341
341
341
341
340
341
341
341
340
341
340
341
341
341
340
341
340
340
341
340
341
340
341
341
341
340
340
341
340
341
340
340
340
341
341
341
341
341
340
341
340
341
340
341
341
340
341
340
340
340
341
340
340
341
341
340
340
341
341
340
341
341
341
340
340
340
340
341
340
340
341
341
341
340
341
341
351
350
351
351
351
351
350
350
350
350
351
350
351
350
350
351
350
351
351
351
351
350
351
351
351
350
351
351
351
351
350
350
350
350
351
351
350
351
350
351
351
350
350
350
351
350
351
350
350
351
351
350
351
351
350
351
351
351
350
351
351
351
351
351
351
350
350
351
351
350
351
350
350
350
351
351
351
351
351
351
351
350
351
351
350
351
350
350
350
351
350
351
350
351
351
351
350
351
350
351
351
350
351
351
350
350
350
350
350
350
351
351
351
350
351
351
351
351
350
350
350
351
351
351
350
350
350
351
351
350
351
351
350
351
351
351
351
350
350
350
350
351
351
351
351
351
351
350
351
350
350
350
350
350
351
351
351
351
351
350
350
351
351
350
350
350
350
350
350
350
350
351
351
350
350
350
350
351
351
351
351
351
351
351
351
350
351
350
350
350
351
350
351
350
351
350
350
351
350
350
351
351
351
350
351
350
351
351
350
350
351
350
351
350
351
350
351
351
351
351
351
350
351
350
350
350
350
350
350
351
351
350
351
351
350
350
350
351
350
351
350
350
350
351
351
351
350
351
351
351
350
351
350
350
351
351
350
351
350
350
350
350
351
351
350
351
350
351
350
350
350
350
351
351
351
351
350
351
350
351
350
350
350
351
351
351
351
351
351
351
350
351
350
350
351
350
351
351
350
351
351
351
350
351
350
351
351
351
350
350
350
351
350
350
350
351
350
350
351
351
351
351
351
351
350
350
350
350
350
351
351
351
350
350
351
351
351
351
351
350
350
350
350
351
351
351
350
350
351
350
360
360
361
361
360
360
360
361
360
360
361
361
360
361
360
361
361
360
360
361
361
361
361
361
360
360
360
361
361
361
360
361
360
360
361
361
361
361
361
360
361
361
361
360
360
360
360
360
360
361
361
361
360
360
361
360
360
360
360
361
360
360
361
361
361
360
361
361
361
360
361
360
361
360
361
360
360
361
360
361
360
360
360
360
360
361
361
360
361
360
361
360
361
360
360
360
360
360
360
361
360
361
361
360
361
361
361
360
360
360
361
360
361
361
360
360
360
361
360
361
360
361
361
360
360
360
360
360
361
360
361
361
361
360
360
361
361
361
361
360
361
361
361
361
361
360
361
360
361
361
361
361
361
361
360
360
361
360
360
361
361
361
361
361
360
360
360
360
360
361
360
361
361
361
361
361
361
361
361
360
360
360
360
361
361
361
360
360
360
360
361
361
361
361
360
360
361
360
360
361
361
360
361
361
360
360
360
361
361
361
360
360
360
361
361
361
360
361
360
361
360
360
360
360
360
360
361
360
360
361
361
360
361
361
360
361
361
360
360
361
360
360
360
360
361
361
360
361
361
361
361
361
360
360
360
361
360
361
361
361
360
361
360
361
360
360
361
360
361
360
361
361
361
360
361
360
360
361
361
360
361
361
360
361
361
360
361
360
360
361
361
361
360
360
360
360
360
361
361
360
361
360
361
360
360
361
361
360
360
361
360
360
360
361
361
360
361
361
361
361
360
360
361
360
361
360
360
361
361
361
361
360
360
361
361
361
361
360
360
360
361
360
360
361
361
360
360
361
360
361
361
360
361
361
361
361
360
361
360
360
370
370
371
371
370
371
370
370
370
371
370
370
371
371
370
370
370
371
371
371
370
371
371
370
370
371
370
370
371
370
371
370
371
371
370
371
371
370
371
371
370
371
371
370
370
370
370
370
370
371
371
370
370
371
370
370
370
371
371
370
370
370
371
370
370
371
371
370
370
370
371
371
370
371
370
370
370
371
370
370
371
370
370
370
371
371
371
371
370
370
371
370
370
370
370
371
371
371
371
371
370
370
371
371
371
371
370
371
371
371
370
371
370
370
371
370
370
371
371
371
370
371
371
371
370
371
370
371
371
370
370
371
371
370
371
370
370
370
371
370
370
370
370
370
371
371
370
370
371
371
370
371
370
370
371
371
371
370
371
370
370
371
370
370
371
371
371
370
370
370
371
371
371
371
371
370
370
371
371
370
370
371
370
370
371
371
371
371
371
371
371
370
370
371
370
371
371
370
370
371
370
371
371
371
371
371
371
371
371
370
370
371
370
370
371
371
371
370
370
370
371
370
371
370
370
370
370
371
371
371
370
370
370
370
371
371
370
371
370
370
370
371
371
370
371
370
371
370
371
370
370
371
371
370
371
370
371
370
370
371
371
370
370
371
370
370
371
370
371
371
371
371
370
370
370
371
370
370
370
370
371
370
371
371
371
371
370
370
371
371
371
371
371
371
371
370
371
370
370
371
370
371
370
370
371
370
370
371
371
370
370
370
370
371
370
371
370
371
371
370
371
370
371
370
370
371
370
371
371
371
371
370
370
371
371
371
370
370
370
371
370
371
370
371
371
370
370
371
371
371
370
370
371
371
370
371
370
370
370
371
370
370
371
371
370
371
371
370
371
371
380
380
381
381
380
381
381
380
381
380
380
381
381
380
381
380
381
381
380
381
380
380
381
380
381
381
380
381
380
380
381
381
380
381
381
381
381
381
381
381
381
380
381
380
381
380
380
381
381
380
380
381
381
381
380
380
380
381
380
381
381
381
381
381
380
380
381
381
381
380
380
381
381
381
380
381
381
381
381
380
380
381
380
380
381
381
381
381
381
381
380
380
380
381
381
381
380
380
380
380
380
380
380
381
381
381
380
381
381
381
381
381
380
380
380
380
380
380
380
381
381
380
381
381
381
381
381
381
380
380
381
381
381
381
380
380
381
380
380
381
380
381
381
381
380
381
380
381
380
381
380
381
380
381
380
380
381
381
380
380
381
381
380
381
381
381
380
380
380
381
380
380
381
381
381
381
380
381
380
381
381
381
381
380
380
380
381
381
380
380
381
380
380
380
380
381
380
381
380
381
380
381
381
380
381
380
380
380
381
380
381
380
381
380
380
381
380
380
380
381
381
381
381
380
380
380
381
381
380
380
381
380
381
381
380
380
380
381
381
381
380
381
380
381
380
380
381
381
380
380
381
380
381
381
380
381
380
380
381
380
381
380
380
381
380
380
381
381
381
381
381
380
381
381
380
380
380
381
381
380
380
380
380
380
381
380
381
380
381
381
381
380
380
381
381
380
380
380
380
381
380
380
381
380
381
380
381
381
380
381
380
380
380
381
380
380
381
380
381
381
381
381
381
381
381
380
381
381
381
380
380
381
381
380
380
380
381
380
381
380
381
381
381
381
380
380
381
380
380
380
381
380
380
380
381
380
380
381
380
380
381
381
381
380
380
381
380
381
381
380
381
380
381
380
380
380
380
380
380
381
391
390
390
391
390
390
391
390
390
390
390
391
391
391
390
391
391
390
390
391
390
391
391
390
390
390
391
391
390
390
390
390
391
390
390
391
390
391
391
391
390
390
390
390
391
390
390
391
390
391
391
390
391
390
390
390
390
391
390
391
391
390
390
391
391
390
390
390
390
391
390
391
391
391
390
390
391
391
391
390
390
390
391
390
390
391
390
391
390
391
391
390
391
390
390
391
390
390
391
391
390
391
390
391
391
391
391
391
390
390
390
390
390
390
391
390
391
390
391
390
390
390
390
391
390
390
390
391
391
390
390
390
391
390
390
390
391
390
391
390
391
390
390
391
390
390
390
391
390
391
391
391
391
390
391
390
391
390
390
390
391
390
390
391
391
390
391
390
390
391
390
391
391
390
391
391
390
391
390
391
391
390
391
390
391
390
391
390
390
391
390
390
390
390
391
391
390
391
391
391
390
390
390
391
390
391
391
390
391
391
391
391
391
391
390
391
390
390
391
390
390
391
390
391
390
390
391
391
391
390
390
390
390
391
391
390
391
391
391
391
391
391
391
391
391
391
390
391
391
390
391
391
390
390
391
391
391
390
391
391
391
390
390
391
390
390
390
390
390
390
390
390
390
391
391
391
391
390
391
391
390
391
390
391
390
390
390
391
391
390
391
391
390
391
391
390
391
390
391
390
391
390
390
391
390
391
391
390
390
391
390
390
391
390
390
390
391
390
390
391
391
391
390
391
391
390
391
391
390
390
391
391
390
391
390
391
390
390
391
391
390
390
390
390
391
391
391
391
390
390
390
391
391
390
390
390
391
390
390
390
390
391
391
391
391
391
391
390
391
391
391
391
390
391
390
391
390
390
390
390
391
391
390
390
390
390
391
391
391
391
400
400
401
400
400
400
401
400
401
400
401
401
401
400
401
400
400
401
401
400
401
400
401
400
401
401
400
401
400
401
400
401
401
401
401
401
401
400
400
401
400
401
401
401
400
400
400
400
401
400
400
400
401
400
400
401
401
401
400
400
401
401
401
401
401
400
401
400
400
400
400
401
401
401
401
401
401
400
401
400
401
400
400
400
401
401
400
400
401
401
400
400
400
401
401
400
401
400
400
400
401
401
400
400
401
401
401
400
400
401
400
401
401
400
400
400
400
400
400
401
401
401
400
401
401
401
401
400
401
401
401
400
400
400
400
400
401
401
401
400
400
400
401
400
401
401
401
401
400
401
401
401
401
400
400
400
400
400
401
400
400
401
401
401
400
401
400
400
401
400
401
400
401
400
400
401
400
401
400
401
400
400
401
400
401
400
401
400
401
400
400
400
400
400
400
401
401
401
401
400
401
400
401
401
400
400
400
401
400
400
401
401
401
400
401
401
401
400
401
401
401
401
401
400
401
401
401
400
400
400
401
401
400
401
401
400
401
400
401
401
401
401
400
401
400
400
400
400
400
400
401
401
400
401
401
400
401
400
400
401
400
401
400
401
401
400
401
400
400
401
400
401
400
401
401
400
401
400
401
401
401
400
401
401
400
400
401
401
400
401
401
401
400
401
401
400
401
401
400
400
401
400
400
400
401
401
401
400
401
401
400
401
401
401
400
400
400
400
401
400
400
400
401
400
400
401
400
401
401
401
400
400
400
400
401
400
400
401
401
401
400
400
401
400
401
400
401
401
401
401
400
401
400
400
401
400
401
400
401
401
401
400
400
400
401
401
401
400
400
401
400
401
400
401
400
400
401
401
401
400
400
400
401
401
400
400
401
400
401
400
401
401
401
401
400
401
401
401
400
400
410
411
411
410
411
410
411
410
411
410
411
410
410
410
410
410
411
411
410
410
411
411
410
411
411
410
410
410
410
411
411
410
411
411
410
411
410
410
411
411
410
410
411
410
411
411
410
411
411
410
411
411
411
410
411
410
410
410
410
411
410
410
410
411
411
410
411
411
410
410
410
410
410
411
411
411
410
410
411
411
411
411
411
410
410
410
411
411
411
411
411
411
411
411
411
411
410
410
411
411
410
410
411
411
410
410
411
410
410
411
410
410
410
410
411
411
410
410
411
411
411
411
411
411
411
411
411
410
411
411
411
411
411
411
411
410
410
410
411
410
411
410
411
411
411
410
410
410
411
410
411
411
411
410
410
410
410
410
410
411
411
410
410
411
411
411
410
411
411
410
411
410
411
410
411
411
411
411
410
411
410
410
410
410
410
410
410
410
411
410
411
411
411
410
411
410
410
411
410
410
411
410
411
410
411
410
410
411
410
411
410
411
411
410
411
411
410
410
410
410
410
411
411
411
410
411
410
410
411
411
410
410
411
411
411
411
411
411
410
410
411
410
411
410
411
410
411
410
410
410
410
411
411
410
411
411
410
411
411
410
411
411
411
410
410
410
411
410
410
411
410
411
410
411
410
411
410
410
410
411
411
411
410
411
411
410
410
411
411
411
411
411
410
411
411
411
411
410
411
410
410
411
411
411
411
411
411
411
411
411
410
410
411
411
411
411
410
411
410
411
410
411
410
410
410
411
410
410
411
410
411
410
411
411
410
410
411
410
410
411
410
410
410
411
411
410
410
410
410
411
410
411
410
411
411
410
411
411
411
411
411
410
410
411
410
411
411
411
410
411
411
410
411
411
411
411
411
411
410
410
411
411
411
410
411
410
410
410
411
411
411
411
411
411
410
411
410
411
410
410
411
410
411
411
410
411
410
410
411
411
420
421
420
420
421
421
420
420
420
421
421
420
420
420
420
420
421
420
421
420
421
421
421
420
421
420
420
421
421
420
420
421
421
420
421
421
421
421
420
420
420
421
420
420
421
420
421
421
420
420
420
420
421
420
421
420
420
421
421
421
420
420
420
420
421
420
420
421
421
421
421
421
420
420
420
421
421
421
420
420
421
420
421
420
420
420
420
420
420
421
420
421
421
421
420
421
420
420
421
420
421
420
420
420
421
421
421
420
420
421
421
420
421
420
421
421
421
421
421
420
420
421
420
421
420
421
421
421
421
421
421
420
420
420
420
420
420
420
421
421
420
420
420
420
421
420
420
421
421
421
421
420
421
421
420
420
421
421
420
421
421
421
421
421
421
421
420
420
421
420
421
421
421
421
421
421
420
421
421
421
420
421
420
420
420
420
421
420
421
420
420
421
421
420
421
421
421
421
420
420
420
420
421
420
420
420
420
421
421
420
421
421
420
421
420
421
421
421
420
420
421
420
421
421
421
421
421
420
420
421
420
420
420
421
420
421
420
420
421
420
421
421
420
420
421
421
421
420
421
420
421
421
421
420
421
420
421
421
420
421
421
420
421
420
420
421
421
421
420
420
421
420
421
421
421
421
421
420
421
421
420
421
420
421
420
421
421
420
420
420
421
420
421
420
420
421
421
421
420
420
420
420
420
421
421
420
420
420
421
421
421
421
421
420
420
421
420
421
421
421
421
421
420
420
420
420
420
420
421
421
420
420
421
420
421
421
421
421
420
420
420
420
421
420
420
421
421
420
420
421
421
420
421
420
420
420
420
421
421
420
420
420
421
421
421
421
420
421
421
421
421
420
421
421
420
420
421
421
420
420
420
421
420
420
420
421
420
420
420
421
421
420
420
421
420
421
420
420
420
421
420
421
420
420
421
420
421
420
421
420
421
421
420
421
421
420
420
420
421
421
431
431
430
431
431
430
430
431
431
430
431
430
430
431
431
430
431
431
431
431
431
431
430
431
431
431
430
431
431
430
431
431
431
430
430
430
430
431
431
430
431
431
430
431
430
431
430
431
431
430
430
431
430
431
430
430
430
430
430
430
430
431
431
431
430
431
430
431
430
431
431
431
430
431
430
431
431
431
431
431
431
431
431
431
431
431
430
431
431
430
430
430
431
430
431
431
430
431
430
431
431
431
430
430
431
431
431
431
431
430
430
430
430
430
431
430
430
430
430
431
430
430
430
430
430
430
430
430
431
431
431
431
430
431
430
430
430
431
431
430
430
430
431
431
430
431
431
431
430
430
431
430
431
431
431
430
431
431
431
430
431
430
430
430
430
430
431
431
431
431
431
431
430
430
431
431
430
431
431
431
430
430
430
431
430
430
430
431
430
430
430
431
430
431
431
431
431
431
431
430
430
430
430
431
430
430
430
430
430
431
431
430
430
431
431
430
431
430
430
430
431
430
430
431
431
431
431
431
431
430
431
430
431
431
431
430
431
430
430
431
431
430
430
431
430
430
431
430
430
430
431
430
431
431
430
430
431
430
431
431
430
430
431
430
430
431
431
431
430
430
431
431
431
431
430
430
430
430
430
430
430
431
431
431
430
431
430
430
430
431
430
431
431
431
431
430
431
431
430
431
431
431
430
430
431
430
430
430
431
430
430
431
431
431
430
430
430
431
431
431
431
430
430
431
431
430
430
431
430
431
431
431
431
431
431
431
430
431
431
430
431
430
431
431
430
431
431
431
431
431
431
431
431
431
431
430
430
430
431
430
431
430
431
431
431
431
431
431
431
430
431
431
431
430
430
431
431
431
430
430
430
430
431
431
431
431
431
431
430
430
430
430
430
430
430
430
430
431
431
431
431
431
430
431
431
431
430
431
430
430
431
431
430
431
430
430
430
431
431
430
431
431
431
431
431
430
431
431
431
431
441
441
440
441
441
440
441
441
440
441
441
440
441
440
440
441
440
441
441
441
441
441
441
441
440
441
440
440
441
440
440
441
441
440
441
441
441
440
440
440
441
440
441
440
441
440
441
440
441
440
440
441
441
440
440
441
441
441
441
440
440
440
440
441
440
440
440
441
440
440
441
441
441
440
440
441
440
440
441
440
441
441
440
441
440
440
440
440
441
440
440
441
441
441
440
441
441
441
440
440
440
441
441
441
441
440
441
441
440
441
441
440
441
441
441
440
441
440
440
441
441
441
441
441
440
441
440
440
441
441
441
441
441
441
440
440
441
441
440
441
440
441
441
441
440
440
440
440
441
440
440
441
441
441
441
440
440
441
441
440
441
440
441
440
440
441
441
440
441
440
440
440
440
440
441
441
441
440
440
441
441
440
440
440
441
441
441
441
441
440
441
440
441
441
440
441
441
441
440
440
441
440
440
441
441
441
440
440
440
441
440
441
440
441
440
441
440
441
441
440
440
440
441
440
440
440
441
441
440
440
441
441
441
440
441
440
440
441
441
441
441
440
440
440
440
441
441
441
441
440
441
440
441
440
440
440
440
441
440
440
441
440
441
441
440
441
440
440
440
440
440
440
440
441
440
441
440
441
441
441
440
440
440
440
440
440
440
441
441
440
441
441
440
440
440
440
441
440
440
441
440
441
441
441
440
441
441
440
440
441
441
441
441
441
440
441
441
440
440
441
440
441
441
441
440
441
440
440
441
440
440
440
440
440
440
441
440
441
440
441
440
440
441
440
440
440
440
440
441
440
441
440
441
440
441
441
440
440
440
440
441
440
440
441
440
441
440
440
440
441
441
441
441
440
440
441
441
440
441
441
441
441
441
440
441
441
441
441
441
441
440
441
440
440
440
440
441
441
441
440
441
440
441
441
441
441
440
441
440
441
441
440
440
440
441
440
440
441
441
440
441
440
440
440
441
440
440
440
440
441
441
441
441
441
441
440
441
440
440
441
450
451
451
450
451
451
450
451
450
450
451
451
451
451
450
450
450
450
450
450
451
451
450
451
450
450
451
451
451
451
451
451
451
451
450
450
451
451
451
450
450
451
450
451
450
451
450
451
451
451
451
451
450
450
450
450
450
450
451
451
450
450
450
451
450
451
450
450
450
450
451
451
450
450
451
450
451
451
451
450
451
450
451
450
450
451
450
451
451
451
450
451
451
451
451
450
451
450
450
451
450
450
450
451
450
451
451
451
451
451
450
451
450
451
451
450
450
450
450
450
450
451
450
451
450
450
450
450
450
451
451
451
451
451
450
450
451
451
450
451
450
450
450
451
450
451
451
450
451
450
450
450
451
451
450
450
451
450
450
451
451
451
450
451
451
451
451
451
451
451
450
450
451
451
451
451
450
451
450
450
450
451
450
451
450
450
450
450
450
450
450
451
450
451
451
451
450
451
451
451
451
451
451
450
451
450
451
450
451
450
451
451
450
450
451
451
451
451
451
451
450
451
451
451
450
451
450
450
451
451
450
451
451
450
450
450
451
450
450
451
451
451
450
450
450
450
450
450
450
450
451
450
451
451
450
450
451
450
451
450
451
450
450
451
450
451
450
451
451
451
451
451
450
450
450
451
451
450
451
450
450
451
450
450
450
450
450
450
451
451
450
451
451
450
451
451
451
451
450
450
450
450
450
450
451
450
450
451
451
450
451
450
451
451
450
450
451
450
450
451
450
450
450
450
451
451
450
451
450
450
451
451
451
451
450
451
450
451
451
450
451
450
451
450
451
451
451
451
451
450
450
450
451
450
450
450
451
450
450
451
451
450
451
450
451
451
450
450
450
450
450
450
451
451
451
450
451
451
451
450
450
450
451
450
450
450
450
450
451
450
450
451
451
451
451
451
450
451
450
450
451
450
450
450
450
451
451
450
450
451
450
450
451
451
450
450
451
450
450
451
451
451
450
450
450
450
451
450
451
451
451
450
450
451
451
451
450
450
450
451
451
451
451
450
450
450
450
450
451
451
461
460
460
461
461
461
460
461
461
460
461
460
460
461
460
460
460
460
460
461
460
461
460
461
460
460
460
460
461
461
460
461
460
461
461
461
460
461
460
460
460
461
460
460
460
461
461
460
460
461
460
461
461
461
461
461
460
460
460
460
460
461
461
460
461
460
460
461
460
461
461
460
460
460
460
460
460
461
461
461
460
460
461
461
460
461
461
460
460
460
461
461
461
461
461
461
461
461
461
460
460
461
460
460
460
461
460
461
461
461
460
460
461
461
461
460
461
461
460
460
461
461
460
461
460
460
461
460
460
460
460
460
460
461
460
461
461
461
461
460
461
460
460
460
461
460
461
461
460
460
460
461
461
460
461
460
460
461
461
460
460
461
461
461
460
461
460
460
460
460
461
460
461
460
460
461
461
461
461
460
460
460
461
461
461
461
460
461
461
461
460
460
460
460
461
460
461
461
461
460
460
460
461
460
460
461
461
461
460
461
460
460
461
460
460
460
461
461
460
460
461
460
460
461
461
460
460
460
460
460
460
460
460
460
461
461
460
460
460
460
461
461
460
461
461
461
460
460
461
460
460
460
460
461
461
460
460
461
460
460
461
460
461
460
461
461
460
460
461
460
460
461
460
461
460
460
460
460
460
460
461
460
460
460
461
461
461
460
460
461
460
460
461
461
461
460
461
460
461
461
461
460
460
460
460
461
460
461
461
460
461
461
460
461
460
461
461
460
460
461
461
461
461
460
461
460
461
461
460
460
461
461
460
460
461
461
460
461
461
461
461
460
460
461
460
460
460
460
460
461
460
461
460
461
461
461
460
461
460
461
460
461
460
461
461
460
461
460
460
461
461
461
461
460
461
461
461
460
461
461
461
460
461
461
461
460
461
460
461
461
461
460
460
461
461
460
460
460
461
461
461
460
460
461
461
461
460
461
460
460
461
460
460
461
461
461
461
461
460
461
460
460
461
460
461
460
460
461
461
461
461
461
460
461
460
461
461
460
460
460
461
460
461
461
460
460
460
461
461
461
460
461
461
461
460
460
460
461
460
460
470
471
470
470
470
470
471
470
471
470
471
471
470
470
471
471
470
470
470
470
471
471
470
471
471
471
471
471
471
470
470
471
470
470
470
470
471
470
471
471
470
471
470
470
470
471
471
471
470
471
470
470
471
471
470
471
470
470
470
471
471
470
470
471
471
470
471
470
471
470
470
470
471
470
471
470
470
471
470
470
470
470
470
470
471
471
471
471
470
470
471
471
470
471
471
470
471
471
470
471
471
471
470
471
471
471
470
470
471
470
471
470
470
470
470
470
470
470
470
470
470
471
470
471
470
470
471
470
471
470
470
470
470
470
471
471
470
471
470
470
471
471
471
470
471
470
470
471
471
471
471
471
470
470
471
471
470
471
471
470
470
471
470
471
470
470
470
470
471
470
470
471
470
470
470
471
471
470
471
471
471
470
471
471
470
471
470
470
470
471
471
471
470
470
470
471
471
470
471
470
471
471
470
471
470
471
471
471
470
471
470
471
470
470
470
471
470
471
470
471
470
471
470
471
470
470
471
471
471
470
470
470
470
470
470
470
471
470
470
471
471
470
471
470
470
470
470
471
470
471
470
471
470
471
471
471
470
470
471
471
471
471
470
470
470
470
470
470
470
471
470
471
470
471
471
471
470
471
470
471
470
471
471
470
470
470
471
470
470
471
470
471
470
471
470
470
470
470
471
470
470
471
470
470
471
471
471
470
470
471
471
470
471
470
470
471
470
470
470
471
471
470
471
471
471
471
471
471
470
471
470
471
471
471
471
470
470
470
471
471
471
471
471
471
470
471
470
470
470
470
471
470
470
470
471
471
470
470
470
470
471
470
471
471
470
470
471
471
470
471
471
471
471
471
470
470
470
470
471
470
470
471
470
471
470
470
471
470
471
471
471
471
470
470
470
471
470
470
470
470
471
471
470
471
471
470
471
471
470
471
470
470
470
471
470
471
470
470
471
470
470
470
470
471
470
470
470
470
470
471
471
470
470
471
471
470
471
471
470
470
470
471
471
471
471
470
470
471
471
470
470
470
471
470
471
470
471
470
471
470
471
470
470
471
470
470
470
470
471
470
481
480
480
480
480
480
480
481
481
480
481
481
481
480
481
481
480
481
481
480
481
481
480
481
481
481
481
480
481
481
480
480
481
480
480
480
480
480
481
480
480
481
480
481
481
480
481
481
481
481
480
481
481
480
480
480
480
480
481
481
481
480
481
481
480
480
481
480
481
480
481
481
481
481
481
481
481
481
481
480
481
480
481
480
480
480
480
480
480
481
480
480
480
480
481
481
481
481
481
481
481
481
480
481
481
481
480
480
481
481
481
480
481
481
481
481
481
480
481
481
481
481
480
481
481
480
481
481
481
481
481
481
481
481
481
481
481
481
480
481
480
481
481
480
480
480
481
480
480
480
480
480
481
480
480
480
480
481
480
480
480
481
480
480
480
480
481
481
481
480
480
481
480
481
481
481
480
480
481
481
480
481
481
481
481
481
480
480
481
480
480
480
481
481
481
481
480
480
480
480
480
480
480
481
481
481
480
480
480
481
481
481
480
480
481
481
481
480
481
480
480
480
480
481
481
480
480
481
480
481
481
481
480
480
480
480
480
480
481
481
481
480
480
480
480
480
480
480
481
481
480
480
480
480
480
480
480
480
481
481
481
481
481
480
481
480
481
480
481
480
481
481
481
480
480
481
481
480
481
481
480
481
481
480
480
481
481
480
480
480
481
481
480
481
480
481
481
480
480
480
481
480
481
481
481
481
481
480
480
480
480
481
481
481
481
481
480
481
480
481
480
481
480
480
481
480
481
480
481
480
480
481
480
480
481
481
481
480
480
480
481
480
481
480
480
481
481
481
480
480
480
481
481
481
480
480
480
480
480
481
481
480
481
480
481
480
481
480
481
481
481
481
481
481
481
481
481
480
481
481
480
481
480
480
481
481
480
481
481
481
480
480
481
481
480
480
480
481
480
481
480
481
481
480
480
480
480
481
480
480
480
481
480
480
480
480
480
481
480
481
480
480
480
480
480
481
481
481
481
481
480
480
481
481
480
481
481
481
481
480
481
481
480
481
481
480
480
480
480
481
481
480
481
480
481
480
481
480
480
481
481
480
480
481
481
481
481
480
480
480
480
480
481
480
480
480
481
481
480
480
490
491
491
490
491
491
491
491
490
490
491
490
490
491
491
491
491
491
490
490
490
490
490
491
490
490
490
491
490
490
491
491
490
490
491
490
491
490
490
491
490
490
490
491
490
490
491
490
491
491
490
490
490
491
491
491
490
491
490
490
491
490
490
490
491
490
491
490
491
490
490
490
491
491
491
490
491
491
490
490
491
490
490
491
491
491
490
491
491
490
490
491
490
490
491
490
491
490
491
491
491
490
491
490
491
490
490
490
491
491
490
490
490
491
491
490
491
490
491
491
490
491
490
491
490
491
490
491
490
491
490
490
491
491
490
491
490
491
490
491
490
490
490
490
490
490
490
490
490
490
491
491
490
491
491
491
490
490
490
490
491
490
490
491
491
490
490
490
491
491
491
491
490
491
491
491
490
491
490
490
490
490
491
490
490
491
490
490
490
491
491
490
491
490
490
491
490
491
490
491
491
490
490
491
490
491
491
491
490
490
490
490
490
490
490
491
490
490
490
491
490
490
490
491
490
490
491
490
490
490
491
490
491
490
491
491
490
491
491
490
491
490
491
491
490
491
491
490
490
490
491
491
491
490
491
490
491
490
490
491
490
491
490
490
490
491
490
490
491
490
491
490
490
490
490
490
491
490
490
491
490
490
491
491
490
490
490
490
490
490
490
491
491
491
491
491
490
490
490
491
491
491
491
491
490
491
491
491
491
491
490
490
490
491
490
491
490
490
490
491
491
490
491
491
491
491
490
491
491
491
490
491
491
491
491
491
491
491
490
490
491
491
490
490
490
491
491
490
490
491
491
490
490
491
490
490
491
490
491
491
491
490
490
491
490
491
491
490
491
490
491
491
491
490
491
491
490
491
491
490
490
490
491
490
491
490
491
491
491
490
490
490
491
491
490
490
490
491
490
490
491
490
491
491
490
491
490
491
491
491
490
491
490
491
490
491
491
491
490
490
491
490
490
491
491
490
490
490
491
490
491
491
491
491
491
491
491
491
490
491
490
490
490
491
491
491
490
490
491
490
491
490
491
491
490
491
490
491
490
490
490
490
490
491
490
490
491
491
491
490
490
490
490
491
490
491
491
491
490
490
490
491
490
490
491
490
491
490
490
491
501
500
501
501
501
501
500
501
501
500
500
501
501
501
500
501
500
500
500
500
501
501
501
500
501
501
501
500
500
501
501
500
501
501
500
501
500
501
500
500
500
501
500
500
501
501
500
500
501
500
501
500
501
501
501
500
500
500
501
500
501
500
500
500
500
500
501
501
500
500
501
501
500
500
500
500
501
500
501
500
500
501
501
500
501
501
501
501
500
501
501
501
501
500
500
501
501
501
501
500
501
501
500
501
501
501
500
501
501
501
501
501
500
500
500
500
501
501
501
501
501
501
500
501
501
500
500
500
501
501
501
500
500
501
500
501
501
500
500
501
501
500
500
501
501
500
500
500
500
501
501
501
501
500
500
501
501
500
500
501
501
500
501
501
500
501
500
501
501
500
501
500
500
500
501
501
501
501
500
500
500
500
500
500
500
500
500
501
500
500
500
500
500
500
500
501
501
500
500
501
500
500
501
501
501
500
500
500
500
500
500
500
500
500
500
501
500
500
501
501
501
501
500
501
500
500
501
501
500
501
500
500
501
501
500
500
501
500
500
500
500
501
500
501
500
500
500
500
500
500
501
501
501
500
501
501
501
501
500
501
500
501
501
500
501
500
500
501
501
501
500
500
501
501
501
501
501
501
500
500
500
500
500
501
501
500
500
500
501
500
501
501
500
501
501
500
500
500
500
501
500
501
500
500
501
501
501
501
500
500
500
501
500
501
501
501
501
501
501
500
500
500
501
500
500
500
501
500
500
500
500
500
500
500
500
500
500
500
501
500
501
501
501
500
501
500
500
500
501
500
501
501
500
501
501
500
501
501
500
500
500
501
501
500
501
501
501
501
500
500
500
501
500
501
501
500
500
501
500
501
500
501
501
501
500
501
501
501
500
500
501
501
500
500
501
501
500
500
501
500
501
501
500
500
500
501
501
500
500
500
500
501
501
501
501
500
501
500
501
501
501
501
500
500
501
500
500
500
501
501
501
501
500
501
501
500
501
500
501
501
501
500
500
500
501
500
500
501
501
501
501
500
501
501
501
501
501
501
501
500
501
500
500
500
501
501
501
500
501
500
501
500
500
501
501
501
500
500
501
501
500
501
500
501
500
501
501
500
500
500
500
500
501
501
500
501
500
501
501
501
510
510
511
510
511
510
510
510
510
510
511
510
510
511
511
511
510
511
510
511
510
511
511
511
511
511
510
510
510
511
511
510
510
511
510
511
511
510
510
510
510
511
511
510
511
511
510
511
510
510
511
511
511
511
510
510
511
510
511
510
510
511
511
510
510
510
511
510
511
511
511
510
511
510
510
510
510
511
510
510
510
510
510
511
511
511
511
511
510
510
511
510
511
511
510
510
510
511
511
511
511
511
511
511
511
511
510
511
510
511
511
511
511
511
510
511
511
511
511
510
511
510
511
511
510
511
511
510
510
510
510
510
510
511
510
511
511
510
511
511
510
511
511
511
511
511
511
511
510
510
511
511
510
510
511
510
510
511
510
510
511
511
511
511
510
510
511
510
511
511
510
510
510
510
511
511
510
511
510
510
511
510
510
511
511
511
511
510
511
511
511
511
511
510
510
510
511
510
511
511
510
510
511
511
511
511
510
510
510
510
510
510
510
510
511
510
511
510
510
511
510
511
511
511
511
511
511
510
511
511
511
511
510
511
510
510
511
511
510
510
511
511
511
510
511
510
511
510
510
511
510
511
511
510
511
511
511
510
510
510
510
511
511
511
510
510
510
510
511
511
511
511
511
511
510
511
511
510
511
511
511
511
511
511
511
511
511
511
510
511
511
510
511
511
510
511
511
511
510
511
510
511
511
510
511
511
510
510
511
511
510
510
511
511
511
511
510
511
510
511
511
511
511
510
510
511
511
510
510
511
510
511
510
510
510
510
511
511
511
511
510
510
510
511
511
510
510
510
510
510
511
510
511
510
511
511
511
510
511
510
510
510
510
511
511
510
511
511
510
511
510
511
511
511
511
510
511
510
510
510
510
510
511
510
510
510
510
511
510
510
511
510
510
511
511
511
511
510
511
510
510
510
511
510
510
511
510
510
510
510
511
510
510
510
511
510
510
510
510
510
511
511
510
511
511
511
510
510
510
511
510
510
510
510
510
511
510
511
510
510
510
510
510
510
511
510
511
511
510
511
511
511
511
510
511
511
510
511
511
511
510
510
510
510
510
510
510
510
511
510
511
510
511
511
510
510
511
510
511
511
511
510
511
511
510
510
510
511
511
511
511
511
510
511
511
510
510
511
510
511
510
511
511
510
511
511
511
511
510
511
521
520
520
520
521
520
521
521
520
520
520
521
521
520
521
521
521
520
520
520
521
521
520
521
521
521
521
521
520
521
521
520
521
521
521
520
521
520
520
521
521
521
521
520
520
520
521
520
521
520
520
520
521
521
521
520
521
521
521
520
521
520
521
521
520
521
520
521
520
521
521
520
520
521
520
520
521
521
521
520
521
521
521
521
521
521
521
520
521
521
521
521
520
520
520
521
521
520
520
521
521
520
520
520
521
521
520
520
521
520
521
520
520
521
521
520
520
520
521
521
520
521
521
520
520
520
521
521
521
521
520
520
520
521
521
521
520
520
521
520
521
521
521
520
521
520
520
520
521
521
520
521
521
520
521
520
520
521
521
521
520
520
521
521
521
521
521
520
521
520
520
520
521
520
521
521
520
521
521
520
520
520
520
521
521
521
521
521
521
521
521
521
520
521
520
520
520
521
521
520
520
520
521
520
520
521
520
520
520
521
521
520
521
521
520
521
520
520
521
521
520
521
520
521
521
521
521
521
521
520
521
520
521
521
520
520
520
521
521
520
521
520
521
520
520
520
521
520
520
521
520
521
521
520
521
520
520
520
521
521
520
520
520
521
521
521
521
521
521
521
520
521
520
520
520
520
521
520
521
521
520
520
520
521
520
520
520
520
521
520
520
520
520
520
521
520
520
520
520
520
521
521
521
521
520
520
521
520
521
520
520
521
521
521
520
521
521
520
521
521
520
520
521
521
520
520
521
520
520
521
520
520
520
520
521
520
521
520
521
521
520
521
521
521
521
520
520
520
521
520
521
521
521
521
521
521
521
521
520
521
521
521
520
521
520
520
521
520
520
520
520
521
521
520
520
521
520
521
520
521
520
521
521
521
521
520
521
521
520
520
520
520
521
520
520
520
520
520
521
520
520
521
520
521
520
521
521
520
521
520
520
521
521
520
520
520
521
521
521
520
520
520
521
520
520
521
520
521
520
520
521
521
520
521
521
521
520
520
521
520
520
520
520
521
520
520
520
520
520
521
520
521
521
521
520
521
520
520
521
521
521
521
521
520
520
520
520
520
520
520
520
520
521
521
520
521
520
521
521
521
521
520
521
520
521
520
520
520
521
520
520
521
520
521
521
520
520
520
521
520
521
521
520
520
520
520
521
521
521
520
520
520
521
520
521
520
520
521
521
521
530
531
531
530
530
530
530
530
531
531
530
530
530
531
530
531
530
530
531
530
531
531
531
530
530
530
530
531
530
531
531
531
531
531
531
530
531
530
530
530
531
531
531
531
531
531
530
530
531
531
530
530
531
531
530
530
530
531
530
530
530
531
530
531
531
530
530
530
530
531
531
531
530
530
531
531
530
530
530
531
531
530
530
531
531
530
530
530
530
530
531
531
530
530
531
531
531
530
530
531
530
530
530
530
531
531
531
531
530
531
530
531
530
531
531
531
531
531
530
530
531
530
531
531
530
531
530
531
530
530
531
530
530
531
531
530
530
531
530
531
530
531
530
531
530
530
531
531
530
530
531
530
531
530
530
531
530
530
530
530
531
530
530
531
530
530
530
530
530
530
531
530
531
530
531
531
531
531
530
531
530
530
530
531
531
531
530
531
531
530
530
531
531
531
530
531
531
530
530
530
531
531
531
530
530
531
530
531
531
531
531
530
531
530
531
530
530
531
531
530
531
530
530
531
530
530
530
531
530
530
530
531
530
531
530
531
531
531
530
531
530
531
531
531
531
530
531
531
530
531
531
531
530
531
530
531
531
531
530
531
530
530
531
530
531
530
530
531
531
530
530
530
531
530
531
531
531
531
531
530
531
530
531
530
530
530
530
530
530
530
530
530
530
531
531
531
530
531
530
531
530
531
530
531
531
531
530
531
530
530
531
531
530
530
530
530
531
530
531
530
530
530
531
531
531
530
531
530
530
530
531
531
530
530
530
531
531
530
531
531
531
530
531
530
531
531
530
531
530
530
530
531
531
531
530
531
530
531
531
531
530
530
531
530
531
530
530
530
531
530
530
531
531
530
531
530
530
531
530
530
530
530
530
531
531
530
531
530
531
530
530
531
531
530
530
530
531
530
530
530
530
530
531
530
531
531
531
530
531
530
530
531
530
530
531
530
530
530
530
530
530
531
530
531
530
531
531
531
530
530
531
530
531
530
531
531
530
530
530
530
530
530
530
531
530
531
530
531
531
531
530
530
530
530
530
530
531
531
531
531
531
530
531
530
531
530
531
530
531
530
530
530
530
530
531
530
530
531
530
531
531
531
530
531
531
530
531
530
531
531
530
531
531
531
531
531
531
530
530
531
530
530
531
531
530
530
530
530
530
530
531
531
530
531
530
531
530
531
530
531
530
530
531
530
530
531
531
530
531
530
540
541
541
540
540
540
541
540
540
541
541
541
540
541
541
540
541
541
540
541
541
541
540
540
541
540
541
540
540
540
541
541
540
540
540
541
540
540
541
541
540
541
541
540
540
541
540
540
541
540
540
540
540
540
540
540
540
541
541
541
540
540
541
540
540
541
541
540
540
540
540
541
540
541
541
541
541
540
541
540
540
540
541
540
540
541
541
541
541
540
541
540
540
541
540
540
540
540
540
541
541
541
541
541
540
541
541
541
541
541
541
540
540
540
540
540
540
541
541
541
541
540
540
541
541
541
541
541
541
541
540
541
541
540
541
541
541
541
541
540
540
540
540
541
540
540
540
540
541
541
541
540
541
540
540
540
540
540
541
541
540
540
540
540
540
541
540
540
541
540
541
540
540
541
541
540
540
541
541
540
541
540
541
540
541
541
540
541
540
540
541
540
541
541
541
540
541
541
540
540
541
540
540
540
540
541
541
541
540
540
540
541
541
541
541
541
540
541
540
541
540
540
540
540
540
540
541
541
540
540
541
540
540
540
541
540
540
541
541
540
541
541
541
540
540
541
541
541
541
540
540
541
540
541
540
540
540
541
540
541
541
541
541
541
540
541
541
540
541
540
541
541
541
541
541
541
541
540
541
540
540
540
540
541
541
541
540
541
541
540
540
540
541
541
541
541
540
541
540
541
541
541
541
540
540
540
540
541
540
541
540
540
541
540
540
540
541
541
541
541
541
541
540
541
540
541
540
540
541
540
541
540
540
541
541
540
540
540
541
540
541
541
541
540
540
540
541
540
540
541
541
540
541
540
540
541
540
540
540
541
540
540
541
540
541
541
541
540
540
541
541
540
540
540
541
541
540
540
540
541
541
541
541
540
541
541
541
541
540
540
541
541
541
540
541
541
541
540
540
541
540
541
541
541
541
541
541
540
540
540
540
540
540
541
541
540
540
541
541
540
540
541
541
541
540
540
540
541
540
540
540
540
540
541
540
540
541
541
540
540
540
541
541
541
541
541
541
540
540
541
541
541
541
541
541
540
540
541
540
541
540
541
540
541
540
541
541
541
540
540
541
541
540
540
541
540
541
541
540
540
541
541
540
540
541
541
540
540
540
540
540
540
540
541
541
541
540
541
541
541
541
541
541
541
541
540
540
540
540
540
541
540
541
540
541
541
541
541
540
540
540
540
541
540
540
541
541
540
541
540
540
541
540
540
541
541
540
540
541
541
25.0 3 10
10
